50
2.025000e+000 8.000000e-001
2.000000e+000 7.750000e-001
1.975000e+000 8.000000e-001
2.025000e+000 7.500000e-001
1.975000e+000 7.500000e-001
2.000000e+000 7.250000e-001
2.025000e+000 7.000000e-001
1.975000e+000 7.000000e-001
2.000000e+000 6.750000e-001
2.025000e+000 6.500000e-001
1.975000e+000 6.500000e-001
2.000000e+000 6.250000e-001
2.025000e+000 6.000000e-001
1.975000e+000 6.000000e-001
2.000000e+000 5.750000e-001
2.025000e+000 5.500000e-001
1.975000e+000 5.500000e-001
2.000000e+000 5.250000e-001
2.025000e+000 5.000000e-001
1.975000e+000 5.000000e-001
2.000000e+000 4.750000e-001
2.025000e+000 4.500000e-001
1.975000e+000 4.500000e-001
2.000000e+000 4.250000e-001
2.025000e+000 4.000000e-001
1.975000e+000 4.000000e-001
2.000000e+000 3.750000e-001
2.025000e+000 3.500000e-001
1.975000e+000 3.500000e-001
2.000000e+000 3.250000e-001
2.025000e+000 3.000000e-001
1.975000e+000 3.000000e-001
2.000000e+000 2.750000e-001
2.025000e+000 2.500000e-001
1.975000e+000 2.500000e-001
2.000000e+000 2.250000e-001
2.025000e+000 2.000000e-001
1.975000e+000 2.000000e-001
2.000000e+000 1.750000e-001
2.025000e+000 1.500000e-001
1.975000e+000 1.500000e-001
2.000000e+000 1.250000e-001
2.025000e+000 1.000000e-001
1.975000e+000 1.000000e-001
2.000000e+000 7.500000e-002
2.025000e+000 5.000000e-002
1.975000e+000 5.000000e-002
2.000000e+000 2.500000e-002
2.025000e+000 0.000000e+000
1.975000e+000 0.000000e+000
