64
46 48 49 1 
47 48 46 1 
50 48 47 1 
49 48 50 1 
43 45 46 1 
44 45 43 1 
47 45 44 1 
46 45 47 1 
40 42 43 1 
41 42 40 1 
44 42 41 1 
43 42 44 1 
37 39 40 1 
38 39 37 1 
41 39 38 1 
40 39 41 1 
34 36 37 1 
35 36 34 1 
38 36 35 1 
37 36 38 1 
31 33 34 1 
32 33 31 1 
35 33 32 1 
34 33 35 1 
28 30 31 1 
29 30 28 1 
32 30 29 1 
31 30 32 1 
25 27 28 1 
26 27 25 1 
29 27 26 1 
28 27 29 1 
22 24 25 1 
23 24 22 1 
26 24 23 1 
25 24 26 1 
19 21 22 1 
20 21 19 1 
23 21 20 1 
22 21 23 1 
16 18 19 1 
17 18 16 1 
20 18 17 1 
19 18 20 1 
13 15 16 1 
14 15 13 1 
17 15 14 1 
16 15 17 1 
10 12 13 1 
11 12 10 1 
14 12 11 1 
13 12 14 1 
7 9 10 1 
8 9 7 1 
11 9 8 1 
10 9 11 1 
4 6 7 1 
5 6 4 1 
8 6 5 1 
7 6 8 1 
1 2 4 1 
3 2 1 1 
5 2 3 1 
4 2 5 1 
