1060
4385 4345 4354 4387 4373 4350 4377 4386 4375 1 
4383 4328 4345 4385 4368 4338 4373 4384 4370 1 
4381 4322 4328 4383 4363 4325 4368 4382 4365 1 
4379 4317 4322 4381 4358 4320 4363 4380 4360 1 
4376 4311 4317 4379 4351 4313 4358 4378 4355 1 
4372 4302 4311 4376 4343 4307 4351 4374 4347 1 
4369 4293 4302 4372 4333 4298 4343 4371 4339 1 
4366 4283 4293 4369 4324 4285 4333 4367 4326 1 
4362 4280 4283 4366 4321 4282 4324 4364 4323 1 
4359 4277 4280 4362 4318 4278 4321 4361 4319 1 
4356 4272 4277 4359 4315 4275 4318 4357 4316 1 
4352 4268 4272 4356 4310 4271 4315 4353 4312 1 
4348 4265 4268 4352 4306 4267 4310 4349 4308 1 
4344 4261 4265 4348 4303 4263 4306 4346 4305 1 
4341 4258 4261 4344 4300 4260 4303 4342 4301 1 
4337 4255 4258 4341 4296 4256 4300 4340 4297 1 
4335 4252 4255 4337 4294 4254 4296 4336 4295 1 
4332 4249 4252 4335 4290 4250 4294 4334 4292 1 
4330 4247 4249 4332 4288 4248 4290 4331 4289 1 
4327 4245 4247 4330 4286 4246 4288 4329 4287 1 
4345 4264 4274 4354 4304 4269 4314 4350 4309 1 
4328 4251 4264 4345 4291 4259 4304 4338 4299 1 
4322 4241 4251 4328 4281 4243 4291 4325 4284 1 
4317 4235 4241 4322 4276 4238 4281 4320 4279 1 
4311 4228 4235 4317 4270 4232 4276 4313 4273 1 
4302 4221 4228 4311 4262 4225 4270 4307 4266 1 
4293 4212 4221 4302 4253 4217 4262 4298 4257 1 
4283 4201 4212 4293 4242 4203 4253 4285 4244 1 
4280 4198 4201 4283 4239 4199 4242 4282 4240 1 
4277 4194 4198 4280 4236 4196 4239 4278 4237 1 
4272 4190 4194 4277 4231 4192 4236 4275 4234 1 
4268 4186 4190 4272 4227 4188 4231 4271 4230 1 
4265 4182 4186 4268 4223 4185 4227 4267 4226 1 
4261 4179 4182 4265 4220 4181 4223 4263 4222 1 
4258 4175 4179 4261 4216 4177 4220 4260 4218 1 
4255 4172 4175 4258 4214 4174 4216 4256 4215 1 
4252 4169 4172 4255 4210 4170 4214 4254 4211 1 
4249 4167 4169 4252 4208 4168 4210 4250 4209 1 
4247 4164 4167 4249 4206 4166 4208 4248 4207 1 
4245 4162 4164 4247 4204 4163 4206 4246 4205 1 
4264 4183 4193 4274 4224 4189 4233 4269 4229 1 
4251 4173 4183 4264 4213 4178 4224 4259 4219 1 
4241 4159 4173 4251 4200 4161 4213 4243 4202 1 
4235 4154 4159 4241 4195 4156 4200 4238 4197 1 
4228 4147 4154 4235 4187 4150 4195 4232 4191 1 
4221 4140 4147 4228 4180 4143 4187 4225 4184 1 
4212 4131 4140 4221 4171 4135 4180 4217 4176 1 
4201 4119 4131 4212 4160 4125 4171 4203 4165 1 
4198 4115 4119 4201 4157 4117 4160 4199 4158 1 
4194 4111 4115 4198 4153 4114 4157 4196 4155 1 
4190 4107 4111 4194 4149 4110 4153 4192 4151 1 
4186 4104 4107 4190 4145 4105 4149 4188 4146 1 
4182 4100 4104 4186 4141 4101 4145 4185 4142 1 
4179 4096 4100 4182 4137 4097 4141 4181 4139 1 
4175 4092 4096 4179 4134 4094 4137 4177 4136 1 
4172 4089 4092 4175 4130 4091 4134 4174 4132 1 
4169 4087 4089 4172 4128 4088 4130 4170 4129 1 
4167 4083 4087 4169 4126 4085 4128 4168 4127 1 
4164 4081 4083 4167 4122 4082 4126 4166 4123 1 
4162 4079 4081 4164 4120 4080 4122 4163 4121 1 
4183 4103 4112 4193 4144 4108 4152 4189 4148 1 
4173 4093 4103 4183 4133 4098 4144 4178 4138 1 
4159 4077 4093 4173 4118 4086 4133 4161 4124 1 
4154 4072 4077 4159 4113 4075 4118 4156 4116 1 
4147 4065 4072 4154 4106 4069 4113 4150 4109 1 
4140 4057 4065 4147 4099 4061 4106 4143 4102 1 
4131 4050 4057 4140 4090 4054 4099 4135 4095 1 
4119 4037 4050 4131 4078 4044 4090 4125 4084 1 
4115 4033 4037 4119 4074 4035 4078 4117 4076 1 
4111 4029 4033 4115 4070 4032 4074 4114 4073 1 
4107 4025 4029 4111 4066 4027 4070 4110 4068 1 
4104 4020 4025 4107 4062 4023 4066 4105 4064 1 
4100 4016 4020 4104 4059 4019 4062 4101 4060 1 
4096 4013 4016 4100 4055 4015 4059 4097 4056 1 
4092 4010 4013 4096 4051 4011 4055 4094 4053 1 
4089 4007 4010 4092 4048 4008 4051 4091 4049 1 
4087 4003 4007 4089 4045 4005 4048 4088 4047 1 
4083 4001 4003 4087 4042 4002 4045 4085 4043 1 
4081 3999 4001 4083 4040 4000 4042 4082 4041 1 
4079 3997 3999 4081 4038 3998 4040 4080 4039 1 
4103 4022 4030 4112 4063 4026 4071 4108 4067 1 
4093 4012 4022 4103 4052 4018 4063 4098 4058 1 
4077 3996 4012 4093 4036 4006 4052 4086 4046 1 
4072 3990 3996 4077 4031 3993 4036 4075 4034 1 
4065 3983 3990 4072 4024 3987 4031 4069 4028 1 
4057 3976 3983 4065 4017 3980 4024 4061 4021 1 
4050 3968 3976 4057 4009 3973 4017 4054 4014 1 
4037 3954 3968 4050 3995 3963 4009 4044 4004 1 
4033 3951 3954 4037 3992 3953 3995 4035 3994 1 
4029 3947 3951 4033 3988 3948 3992 4032 3989 1 
4025 3942 3947 4029 3984 3944 3988 4027 3985 1 
4020 3938 3942 4025 3979 3940 3984 4023 3981 1 
4016 3934 3938 4020 3975 3936 3979 4019 3978 1 
4013 3930 3934 4016 3971 3933 3975 4015 3974 1 
4010 3927 3930 4013 3969 3929 3971 4011 3970 1 
4007 3924 3927 4010 3965 3925 3969 4008 3967 1 
4003 3921 3924 4007 3962 3922 3965 4005 3964 1 
4001 3918 3921 4003 3960 3919 3962 4002 3961 1 
3999 3915 3918 4001 3957 3917 3960 4000 3958 1 
3997 3913 3915 3999 3955 3914 3957 3998 3956 1 
4022 3941 3950 4030 3982 3946 3991 4026 3986 1 
4012 3932 3941 4022 3972 3937 3982 4018 3977 1 
3996 3920 3932 4012 3959 3926 3972 4006 3966 1 
3990 3908 3920 3996 3949 3912 3959 3993 3952 1 
3983 3902 3908 3990 3943 3905 3949 3987 3945 1 
3976 3894 3902 3983 3935 3898 3943 3980 3939 1 
3968 3887 3894 3976 3928 3891 3935 3973 3931 1 
3954 3877 3887 3968 3916 3883 3928 3963 3923 1 
3951 3868 3877 3954 3909 3870 3916 3953 3911 1 
3947 3863 3868 3951 3904 3866 3909 3948 3907 1 
3942 3859 3863 3947 3900 3862 3904 3944 3903 1 
3938 3855 3859 3942 3896 3857 3900 3940 3899 1 
3934 3851 3855 3938 3893 3853 3896 3936 3895 1 
3930 3848 3851 3934 3889 3849 3893 3933 3890 1 
3927 3844 3848 3930 3885 3845 3889 3929 3888 1 
3924 3841 3844 3927 3882 3843 3885 3925 3884 1 
3921 3838 3841 3924 3879 3839 3882 3922 3881 1 
3918 3835 3838 3921 3876 3837 3879 3919 3878 1 
3915 3833 3835 3918 3874 3834 3876 3917 3875 1 
3913 3831 3833 3915 3872 3832 3874 3914 3873 1 
3941 3861 3869 3950 3901 3865 3910 3946 3906 1 
3932 3852 3861 3941 3892 3856 3901 3937 3897 1 
3920 3840 3852 3932 3880 3847 3892 3926 3886 1 
3908 3826 3840 3920 3867 3830 3880 3912 3871 1 
3902 3819 3826 3908 3860 3823 3867 3905 3864 1 
3894 3813 3819 3902 3854 3817 3860 3898 3858 1 
3887 3805 3813 3894 3846 3809 3854 3891 3850 1 
3877 3796 3805 3887 3836 3802 3846 3883 3842 1 
3868 3785 3796 3877 3827 3787 3836 3870 3829 1 
3863 3781 3785 3868 3822 3783 3827 3866 3824 1 
3859 3777 3781 3863 3818 3778 3822 3862 3820 1 
3855 3773 3777 3859 3814 3774 3818 3857 3815 1 
3851 3769 3773 3855 3810 3770 3814 3853 3812 1 
3848 3765 3769 3851 3806 3767 3810 3849 3808 1 
3844 3762 3765 3848 3803 3763 3806 3845 3804 1 
3841 3758 3762 3844 3799 3759 3803 3843 3801 1 
3838 3755 3758 3841 3797 3757 3799 3839 3798 1 
3835 3751 3755 3838 3794 3753 3797 3837 3795 1 
3833 3749 3751 3835 3791 3750 3794 3834 3792 1 
3831 3747 3749 3833 3789 3748 3791 3832 3790 1 
3861 3780 3788 3869 3821 3784 3828 3865 3825 1 
3852 3771 3780 3861 3811 3776 3821 3856 3816 1 
3840 3761 3771 3852 3800 3766 3811 3847 3807 1 
3826 3745 3761 3840 3786 3754 3800 3830 3793 1 
3819 3738 3745 3826 3779 3741 3786 3823 3782 1 
3813 3732 3738 3819 3772 3734 3779 3817 3775 1 
3805 3724 3732 3813 3764 3728 3772 3809 3768 1 
3796 3716 3724 3805 3756 3719 3764 3802 3760 1 
3785 3702 3716 3796 3744 3707 3756 3787 3746 1 
3781 3698 3702 3785 3739 3700 3744 3783 3742 1 
3777 3694 3698 3781 3735 3696 3739 3778 3737 1 
3773 3689 3694 3777 3731 3692 3735 3774 3733 1 
3769 3685 3689 3773 3727 3688 3731 3770 3729 1 
3765 3682 3685 3769 3723 3684 3727 3767 3725 1 
3762 3678 3682 3765 3720 3680 3723 3763 3722 1 
3758 3675 3678 3762 3717 3677 3720 3759 3718 1 
3755 3671 3675 3758 3712 3672 3717 3757 3715 1 
3751 3669 3671 3755 3710 3670 3712 3753 3711 1 
3749 3666 3669 3751 3708 3667 3710 3750 3709 1 
3747 3664 3666 3749 3705 3665 3708 3748 3706 1 
3780 3699 3714 3788 3740 3703 3752 3784 3743 1 
3771 3691 3699 3780 3730 3695 3740 3776 3736 1 
3761 3681 3691 3771 3721 3686 3730 3766 3726 1 
3745 3663 3681 3761 3704 3674 3721 3754 3713 1 
3738 3656 3663 3745 3697 3660 3704 3741 3701 1 
3732 3649 3656 3738 3690 3653 3697 3734 3693 1 
3724 3642 3649 3732 3683 3646 3690 3728 3687 1 
3716 3633 3642 3724 3673 3638 3683 3719 3679 1 
3702 3620 3633 3716 3661 3628 3673 3707 3668 1 
3698 3616 3620 3702 3657 3617 3661 3700 3659 1 
3694 3611 3616 3698 3652 3613 3657 3696 3655 1 
3689 3607 3611 3694 3648 3609 3652 3692 3651 1 
3685 3603 3607 3689 3644 3604 3648 3688 3647 1 
3682 3599 3603 3685 3640 3601 3644 3684 3643 1 
3678 3595 3599 3682 3637 3596 3640 3680 3639 1 
3675 3591 3595 3678 3632 3593 3637 3677 3635 1 
3671 3588 3591 3675 3630 3590 3632 3672 3631 1 
3669 3584 3588 3671 3626 3585 3630 3670 3629 1 
3666 3582 3584 3669 3623 3583 3626 3667 3624 1 
3664 3580 3582 3666 3621 3581 3623 3665 3622 1 
3699 3618 3636 3714 3658 3627 3676 3703 3662 1 
3691 3610 3618 3699 3650 3614 3658 3695 3654 1 
3681 3600 3610 3691 3641 3606 3650 3686 3645 1 
3663 3587 3600 3681 3625 3594 3641 3674 3634 1 
3656 3575 3587 3663 3615 3578 3625 3660 3619 1 
3649 3568 3575 3656 3608 3571 3615 3653 3612 1 
3642 3561 3568 3649 3602 3564 3608 3646 3605 1 
3633 3552 3561 3642 3592 3556 3602 3638 3598 1 
3620 3537 3552 3633 3579 3546 3592 3628 3586 1 
3616 3532 3537 3620 3574 3535 3579 3617 3576 1 
3611 3528 3532 3616 3570 3531 3574 3613 3572 1 
3607 3524 3528 3611 3566 3526 3570 3609 3567 1 
3603 3520 3524 3607 3562 3522 3566 3604 3563 1 
3599 3516 3520 3603 3557 3517 3562 3601 3559 1 
3595 3512 3516 3599 3553 3513 3557 3596 3555 1 
3591 3507 3512 3595 3549 3509 3553 3593 3551 1 
3588 3504 3507 3591 3545 3506 3549 3590 3548 1 
3584 3501 3504 3588 3543 3503 3545 3585 3544 1 
3582 3499 3501 3584 3541 3500 3543 3583 3542 1 
3580 3495 3499 3582 3539 3497 3541 3581 3540 1 
3618 3538 3558 3636 3577 3550 3597 3627 3589 1 
3610 3529 3538 3618 3569 3533 3577 3614 3573 1 
3600 3521 3529 3610 3560 3525 3569 3606 3565 1 
3587 3508 3521 3600 3547 3514 3560 3594 3554 1 
3575 3492 3508 3587 3534 3498 3547 3578 3536 1 
3568 3486 3492 3575 3527 3490 3534 3571 3530 1 
3561 3479 3486 3568 3519 3482 3527 3564 3523 1 
3552 3470 3479 3561 3510 3475 3519 3556 3515 1 
3537 3457 3470 3552 3496 3465 3510 3546 3505 1 
3532 3450 3457 3537 3491 3452 3496 3535 3494 1 
3528 3446 3450 3532 3487 3447 3491 3531 3489 1 
3524 3441 3446 3528 3483 3443 3487 3526 3485 1 
3520 3436 3441 3524 3477 3439 3483 3522 3481 1 
3516 3431 3436 3520 3473 3435 3477 3517 3476 1 
3512 3428 3431 3516 3469 3430 3473 3513 3472 1 
3507 3424 3428 3512 3466 3426 3469 3509 3467 1 
3504 3421 3424 3507 3462 3422 3466 3506 3464 1 
3501 3417 3421 3504 3459 3419 3462 3503 3461 1 
3499 3415 3417 3501 3456 3416 3459 3500 3458 1 
3495 3413 3415 3499 3454 3414 3456 3497 3455 1 
3538 3463 3478 3558 3502 3471 3518 3550 3511 1 
3529 3448 3463 3538 3488 3453 3502 3533 3493 1 
3521 3440 3448 3529 3480 3444 3488 3525 3484 1 
3508 3427 3440 3521 3468 3434 3480 3514 3474 1 
3492 3411 3427 3508 3451 3420 3468 3498 3460 1 
3486 3405 3411 3492 3445 3407 3451 3490 3449 1 
3479 3396 3405 3486 3437 3401 3445 3482 3442 1 
3470 3388 3396 3479 3429 3391 3437 3475 3433 1 
3457 3377 3388 3470 3418 3383 3429 3465 3423 1 
3450 3365 3377 3457 3409 3368 3418 3452 3410 1 
3446 3359 3365 3450 3404 3363 3409 3447 3406 1 
3441 3353 3359 3446 3400 3357 3404 3443 3402 1 
3436 3348 3353 3441 3395 3351 3400 3439 3397 1 
3431 3344 3348 3436 3390 3345 3395 3435 3392 1 
3428 3338 3344 3431 3386 3339 3390 3430 3389 1 
3424 3333 3338 3428 3382 3336 3386 3426 3384 1 
3421 3329 3333 3424 3378 3330 3382 3422 3380 1 
3417 3326 3329 3421 3374 3327 3378 3419 3376 1 
3415 3322 3326 3417 3372 3325 3374 3416 3373 1 
3413 3320 3322 3415 3370 3321 3372 3414 3371 1 
3463 3385 3399 3478 3425 3393 3438 3471 3432 1 
3448 3366 3385 3463 3408 3375 3425 3453 3412 1 
3440 3354 3366 3448 3398 3360 3408 3444 3403 1 
3427 3342 3354 3440 3387 3349 3398 3434 3394 1 
3411 3324 3342 3427 3369 3334 3387 3420 3381 1 
3405 3310 3324 3411 3361 3315 3369 3407 3364 1 
3396 3299 3310 3405 3352 3303 3361 3401 3356 1 
3388 3287 3299 3396 3341 3293 3352 3391 3346 1 
3377 3273 3287 3388 3328 3279 3341 3383 3335 1 
3365 3256 3273 3377 3316 3261 3328 3368 3319 1 
3359 3247 3256 3365 3308 3251 3316 3363 3311 1 
3353 3237 3247 3359 3302 3243 3308 3357 3304 1 
3348 3230 3237 3353 3295 3235 3302 3351 3296 1 
3344 3222 3230 3348 3288 3226 3295 3345 3291 1 
3338 3214 3222 3344 3282 3218 3288 3339 3284 1 
3333 3207 3214 3338 3276 3212 3282 3336 3278 1 
3329 3202 3207 3333 3271 3204 3276 3330 3274 1 
3326 3198 3202 3329 3266 3201 3271 3327 3269 1 
3322 3194 3198 3326 3264 3195 3266 3325 3265 1 
3320 3191 3194 3322 3262 3192 3264 3321 3263 1 
3 13 10 1 6 11 4 2 5 1 
9 17 13 3 12 15 6 7 8 1 
18 26 17 9 21 22 12 14 16 1 
30 38 26 18 33 31 21 25 27 1 
45 54 38 30 48 44 33 39 41 1 
64 73 54 45 65 61 48 56 58 1 
85 94 73 64 86 81 65 76 78 1 
110 118 94 85 111 105 86 98 100 1 
137 144 118 110 140 132 111 124 126 1 
168 174 144 137 170 162 140 153 156 1 
201 207 174 168 204 192 170 188 189 1 
239 245 207 201 240 228 204 221 223 1 
277 286 245 239 280 266 240 258 259 1 
323 329 286 277 324 309 280 300 302 1 
367 375 329 323 368 352 324 346 347 1 
416 422 375 367 418 400 368 391 393 1 
468 475 422 416 471 449 418 441 446 1 
524 532 475 468 526 507 471 494 496 1 
582 589 532 524 587 560 526 553 555 1 
643 650 589 582 645 620 587 612 615 1 
13 35 32 10 23 34 19 11 20 1 
17 40 35 13 28 37 23 15 24 1 
26 47 40 17 36 43 28 22 29 1 
38 60 47 26 46 53 36 31 42 1 
54 74 60 38 62 66 46 44 55 1 
73 93 74 54 80 84 62 61 71 1 
94 113 93 73 103 104 80 81 90 1 
118 136 113 94 127 125 103 105 112 1 
144 165 136 118 155 151 127 132 138 1 
174 197 165 144 184 179 155 162 167 1 
207 230 197 174 218 210 184 192 200 1 
245 268 230 207 254 247 218 228 236 1 
286 307 268 245 294 285 254 266 273 1 
329 350 307 286 333 326 294 309 315 1 
375 397 350 329 381 372 333 352 359 1 
422 444 397 375 430 419 381 400 409 1 
475 492 444 422 482 469 430 449 459 1 
532 548 492 475 537 520 482 507 512 1 
589 607 548 532 596 578 537 560 569 1 
650 668 607 589 657 640 596 620 627 1 
35 70 67 32 51 68 49 34 50 1 
40 75 70 35 57 72 51 37 52 1 
47 83 75 40 63 79 57 43 59 1 
60 96 83 47 77 87 63 53 69 1 
74 108 96 60 88 102 77 66 82 1 
93 129 108 74 107 117 88 84 99 1 
113 147 129 93 130 135 107 104 120 1 
136 172 147 113 154 160 130 125 141 1 
165 199 172 136 180 186 154 151 166 1 
197 231 199 165 209 214 180 179 196 1 
230 265 231 197 241 244 209 210 229 1 
268 299 265 230 282 281 241 247 264 1 
307 337 299 268 319 318 282 285 301 1 
350 379 337 307 364 361 319 326 344 1 
397 428 379 350 411 403 364 372 384 1 
444 476 428 397 460 453 411 419 431 1 
492 529 476 444 510 504 460 469 483 1 
548 586 529 492 568 556 510 520 535 1 
607 641 586 548 623 611 568 578 593 1 
668 699 641 607 682 670 623 640 654 1 
70 119 114 67 92 116 89 68 91 1 
75 122 119 70 97 121 92 72 95 1 
83 131 122 75 106 128 97 79 101 1 
96 142 131 83 115 134 106 87 109 1 
108 158 142 96 133 150 115 102 123 1 
129 173 158 108 149 164 133 117 139 1 
147 195 173 129 169 185 149 135 159 1 
172 220 195 147 194 205 169 160 182 1 
199 246 220 172 222 233 194 186 206 1 
231 275 246 199 250 262 222 214 237 1 
265 312 275 231 284 291 250 244 270 1 
299 348 312 265 322 328 284 281 304 1 
337 382 348 299 362 365 322 318 340 1 
379 429 382 337 402 408 362 361 378 1 
428 473 429 379 450 451 402 403 426 1 
476 522 473 428 497 498 450 453 472 1 
529 573 522 476 546 544 497 504 523 1 
586 630 573 529 602 598 546 556 577 1 
641 685 630 586 661 658 602 611 635 1 
699 735 685 641 716 710 661 670 691 1 
119 178 175 114 146 176 143 116 145 1 
122 183 178 119 152 181 146 121 148 1 
131 191 183 122 161 190 152 128 157 1 
142 202 191 131 171 198 161 134 163 1 
158 217 202 142 187 208 171 150 177 1 
173 234 217 158 203 226 187 164 193 1 
195 256 234 173 225 242 203 185 212 1 
220 278 256 195 248 269 225 205 235 1 
246 308 278 220 274 290 248 233 260 1 
275 332 308 246 306 320 274 262 287 1 
312 369 332 275 335 354 306 291 321 1 
348 407 369 312 374 387 335 328 356 1 
382 447 407 348 414 423 374 365 394 1 
429 487 447 382 457 466 414 408 433 1 
473 534 487 429 505 511 457 451 478 1 
522 584 534 473 550 558 505 498 527 1 
573 636 584 522 600 606 550 544 575 1 
630 687 636 573 656 660 600 598 631 1 
685 733 687 630 706 709 656 658 684 1 
735 774 733 685 756 757 706 710 731 1 
178 253 249 175 215 251 211 176 213 1 
183 257 253 178 219 255 215 181 216 1 
191 267 257 183 227 263 219 190 224 1 
202 276 267 191 238 272 227 198 232 1 
217 289 276 202 252 283 238 208 243 1 
234 311 289 217 271 297 252 226 261 1 
256 330 311 234 288 316 271 242 279 1 
278 355 330 256 314 339 288 269 303 1 
308 377 355 278 342 366 314 290 327 1 
332 412 377 308 373 395 342 320 357 1 
369 442 412 332 404 425 373 354 388 1 
407 479 442 369 439 462 404 387 421 1 
447 518 479 407 480 499 439 423 461 1 
487 564 518 447 521 538 480 466 502 1 
534 604 564 487 570 585 521 511 542 1 
584 655 604 534 618 632 570 558 591 1 
636 701 655 584 666 678 618 606 642 1 
687 744 701 636 715 720 666 660 694 1 
733 787 744 687 759 764 715 709 737 1 
774 825 787 733 802 808 759 757 776 1 
253 338 334 249 295 336 292 251 293 1 
257 345 338 253 298 343 295 255 296 1 
267 353 345 257 310 349 298 263 305 1 
276 363 353 267 317 358 310 272 313 1 
289 376 363 276 331 370 317 283 325 1 
311 398 376 289 351 383 331 297 341 1 
330 415 398 311 371 405 351 316 360 1 
355 437 415 330 396 427 371 339 380 1 
377 465 437 355 420 455 396 366 410 1 
412 493 465 377 452 481 420 395 434 1 
442 531 493 412 484 514 452 425 467 1 
479 566 531 442 519 543 484 462 503 1 
518 601 566 479 561 588 519 499 539 1 
564 647 601 518 599 625 561 538 580 1 
604 690 647 564 648 667 599 585 624 1 
655 725 690 604 695 707 648 632 669 1 
701 767 725 655 734 748 695 678 712 1 
744 806 767 701 773 786 734 720 752 1 
787 845 806 744 813 821 773 764 793 1 
825 879 845 787 855 861 813 808 831 1 
338 438 435 334 389 436 385 336 386 1 
345 445 438 338 392 440 389 343 390 1 
353 454 445 345 401 448 392 349 399 1 
363 463 454 353 413 458 401 358 406 1 
376 477 463 363 424 470 413 370 417 1 
398 491 477 376 443 485 424 383 432 1 
415 516 491 398 464 508 443 405 456 1 
437 536 516 415 486 528 464 427 474 1 
465 567 536 437 515 551 486 455 501 1 
493 595 567 465 541 579 515 481 530 1 
531 629 595 493 576 608 541 514 562 1 
566 663 629 531 613 646 576 543 594 1 
601 700 663 566 653 681 613 588 634 1 
647 730 700 601 692 717 653 625 671 1 
690 766 730 647 723 749 692 667 708 1 
725 800 766 690 762 780 723 707 746 1 
767 833 800 725 801 815 762 748 777 1 
806 868 833 767 837 850 801 786 817 1 
845 904 868 806 871 886 837 821 856 1 
879 940 904 845 910 920 871 861 892 1 
438 552 547 435 490 549 488 436 489 1 
445 557 552 438 500 554 490 440 495 1 
454 565 557 445 509 563 500 448 506 1 
463 574 565 454 517 572 509 458 513 1 
477 590 574 463 533 583 517 470 525 1 
491 605 590 477 545 597 533 485 540 1 
516 628 605 491 571 617 545 508 559 1 
536 652 628 516 592 639 571 528 581 1 
567 675 652 536 621 662 592 551 603 1 
595 702 675 567 649 689 621 579 637 1 
629 724 702 595 680 714 649 608 664 1 
663 755 724 629 711 743 680 646 697 1 
700 781 755 663 742 768 711 681 721 1 
730 812 781 700 770 797 742 717 758 1 
766 844 812 730 804 823 770 749 790 1 
800 870 844 766 835 857 804 780 818 1 
833 902 870 800 867 889 835 815 852 1 
868 934 902 833 900 918 867 850 885 1 
904 964 934 868 935 951 900 886 916 1 
940 1005 964 904 966 984 935 920 952 1 
552 674 672 547 614 673 609 549 610 1 
557 679 674 552 619 677 614 554 616 1 
565 688 679 557 626 683 619 563 622 1 
574 698 688 565 638 693 626 572 633 1 
590 705 698 574 651 703 638 583 644 1 
605 719 705 590 665 713 651 597 659 1 
628 738 719 605 686 726 665 617 676 1 
652 754 738 628 704 747 686 639 696 1 
675 772 754 652 722 763 704 662 718 1 
702 795 772 675 750 783 722 689 739 1 
724 816 795 702 771 807 750 714 761 1 
755 841 816 724 798 826 771 743 785 1 
781 863 841 755 822 854 798 768 810 1 
812 891 863 781 851 874 822 797 838 1 
844 914 891 812 875 906 851 823 864 1 
870 945 914 844 908 930 875 857 895 1 
902 971 945 870 939 959 908 889 921 1 
934 1009 971 902 965 990 939 918 953 1 
964 1050 1009 934 1004 1026 965 951 986 1 
1005 1092 1050 964 1045 1070 1004 984 1022 1 
674 782 778 672 729 779 727 673 728 1 
679 789 782 674 736 784 729 677 732 1 
688 792 789 679 741 791 736 683 740 1 
698 799 792 688 751 796 741 693 745 1 
705 809 799 698 760 805 751 703 753 1 
719 820 809 705 769 814 760 713 765 1 
738 832 820 719 788 824 769 726 775 1 
754 848 832 738 803 842 788 747 794 1 
772 865 848 754 819 858 803 763 811 1 
795 883 865 772 840 873 819 783 827 1 
816 903 883 795 860 894 840 807 849 1 
841 922 903 816 881 912 860 826 869 1 
863 948 922 841 907 936 881 854 896 1 
891 968 948 863 929 958 907 874 915 1 
914 994 968 891 957 981 929 906 944 1 
945 1029 994 914 982 1013 957 930 967 1 
971 1067 1029 945 1017 1048 982 959 996 1 
1009 1110 1067 971 1054 1086 1017 990 1037 1 
1050 1154 1110 1009 1099 1131 1054 1026 1077 1 
1092 1201 1154 1050 1145 1176 1099 1070 1119 1 
782 880 877 778 830 878 828 779 829 1 
789 884 880 782 836 882 830 784 834 1 
792 890 884 789 843 887 836 791 839 1 
799 898 890 792 847 893 843 796 846 1 
809 905 898 799 859 899 847 805 853 1 
820 913 905 809 866 909 859 814 862 1 
832 923 913 820 876 919 866 824 872 1 
848 942 923 832 897 932 876 842 888 1 
865 954 942 848 911 949 897 858 901 1 
883 969 954 865 924 961 911 873 917 1 
903 989 969 883 946 979 924 894 938 1 
922 1014 989 903 963 999 946 912 956 1 
948 1041 1014 922 988 1024 963 936 975 1 
968 1075 1041 948 1016 1055 988 958 1002 1 
994 1107 1075 968 1049 1087 1016 981 1031 1 
1029 1142 1107 994 1082 1123 1049 1013 1066 1 
1067 1184 1142 1029 1121 1161 1082 1048 1104 1 
1110 1226 1184 1067 1166 1205 1121 1086 1144 1 
1154 1271 1226 1110 1212 1250 1166 1131 1189 1 
1201 1326 1271 1154 1260 1297 1212 1176 1234 1 
880 974 972 877 927 973 925 878 926 1 
884 978 974 880 931 976 927 882 928 1 
890 983 978 884 937 980 931 887 933 1 
898 991 983 890 943 987 937 893 941 1 
905 995 991 898 950 993 943 899 947 1 
913 1011 995 905 960 1006 950 909 955 1 
923 1023 1011 913 970 1018 960 919 962 1 
942 1042 1023 923 985 1033 970 932 977 1 
954 1058 1042 942 1000 1051 985 949 992 1 
969 1081 1058 954 1020 1072 1000 961 1012 1 
989 1108 1081 969 1044 1094 1020 979 1034 1 
1014 1135 1108 989 1073 1118 1044 999 1056 1 
1041 1164 1135 1014 1100 1149 1073 1024 1084 1 
1075 1195 1164 1041 1133 1181 1100 1055 1115 1 
1107 1232 1195 1075 1169 1219 1133 1087 1150 1 
1142 1272 1232 1107 1208 1256 1169 1123 1186 1 
1184 1316 1272 1142 1247 1295 1208 1161 1224 1 
1226 1363 1316 1184 1294 1338 1247 1205 1269 1 
1271 1411 1363 1226 1342 1384 1294 1250 1314 1 
1326 1462 1411 1271 1388 1434 1342 1297 1367 1 
1534 1479 1411 1462 1508 1445 1434 1499 1469 1 
1604 1555 1479 1534 1580 1518 1508 1565 1543 1 
1677 1628 1555 1604 1649 1592 1580 1639 1613 1 
1748 1698 1628 1677 1724 1664 1649 1714 1688 1 
1819 1774 1698 1748 1799 1736 1724 1783 1761 1 
1896 1851 1774 1819 1869 1813 1799 1857 1835 1 
1969 1925 1851 1896 1946 1888 1869 1932 1909 1 
2042 1999 1925 1969 2022 1961 1946 2005 1986 1 
2117 2076 1999 2042 2099 2036 2022 2080 2060 1 
2194 2153 2076 2117 2169 2113 2099 2155 2131 1 
2267 2226 2153 2194 2247 2191 2169 2232 2208 1 
2341 2300 2226 2267 2323 2264 2247 2302 2287 1 
2417 2379 2300 2341 2400 2340 2323 2380 2361 1 
2495 2458 2379 2417 2474 2420 2400 2456 2438 1 
2573 2535 2458 2495 2552 2496 2474 2533 2512 1 
2647 2614 2535 2573 2628 2575 2552 2610 2590 1 
2721 2689 2614 2647 2708 2651 2628 2683 2668 1 
2800 2764 2689 2721 2785 2727 2708 2761 2748 1 
2881 2843 2764 2800 2863 2805 2785 2840 2825 1 
2958 2923 2843 2881 2936 2883 2863 2918 2899 1 
3035 3002 2923 2958 3015 2963 2936 2997 2975 1 
3109 3081 3002 3035 3095 3041 3015 3072 3055 1 
3186 3160 3081 3109 3173 3120 3095 3147 3136 1 
3254 3233 3160 3186 3244 3199 3173 3227 3213 1 
3309 3292 3233 3254 3301 3258 3244 3285 3275 1 
3358 3343 3292 3309 3350 3314 3301 3337 3323 1 
3399 3385 3343 3358 3393 3362 3350 3379 3367 1 
1479 1429 1363 1411 1458 1395 1384 1445 1422 1 
1555 1507 1429 1479 1529 1467 1458 1518 1495 1 
1628 1582 1507 1555 1603 1544 1529 1592 1562 1 
1698 1655 1582 1628 1679 1619 1603 1664 1641 1 
1774 1731 1655 1698 1754 1692 1679 1736 1717 1 
1851 1809 1731 1774 1826 1769 1754 1813 1790 1 
1925 1883 1809 1851 1904 1845 1826 1888 1866 1 
1999 1957 1883 1925 1980 1920 1904 1961 1941 1 
2076 2033 1957 1999 2057 1995 1980 2036 2018 1 
2153 2111 2033 2076 2127 2072 2057 2113 2092 1 
2226 2190 2111 2153 2206 2150 2127 2191 2167 1 
2300 2266 2190 2226 2285 2228 2206 2264 2246 1 
2379 2343 2266 2300 2363 2304 2285 2340 2324 1 
2458 2422 2343 2379 2441 2381 2363 2420 2401 1 
2535 2501 2422 2458 2514 2462 2441 2496 2479 1 
2614 2577 2501 2535 2595 2540 2514 2575 2554 1 
2689 2657 2577 2614 2672 2617 2595 2651 2633 1 
2764 2735 2657 2689 2750 2696 2672 2727 2711 1 
2843 2810 2735 2764 2831 2772 2750 2805 2790 1 
2923 2890 2810 2843 2908 2851 2831 2883 2869 1 
3002 2970 2890 2923 2986 2931 2908 2963 2946 1 
3081 3049 2970 3002 3062 3010 2986 3041 3022 1 
3160 3130 3049 3081 3141 3090 3062 3120 3102 1 
3233 3209 3130 3160 3221 3168 3141 3199 3181 1 
3292 3270 3209 3233 3281 3240 3221 3258 3250 1 
3343 3317 3270 3292 3332 3298 3281 3314 3306 1 
3385 3366 3317 3343 3375 3347 3332 3362 3355 1 
1429 1385 1316 1363 1408 1348 1338 1395 1373 1 
1507 1460 1385 1429 1481 1423 1408 1467 1444 1 
1582 1536 1460 1507 1558 1500 1481 1544 1520 1 
1655 1610 1536 1582 1634 1574 1558 1619 1596 1 
1731 1689 1610 1655 1710 1648 1634 1692 1673 1 
1809 1766 1689 1731 1784 1726 1710 1769 1747 1 
1883 1842 1766 1809 1862 1803 1784 1845 1823 1 
1957 1918 1842 1883 1938 1880 1862 1920 1900 1 
2033 1994 1918 1957 2016 1955 1938 1995 1977 1 
2111 2073 1994 2033 2090 2034 2016 2072 2055 1 
2190 2154 2073 2111 2168 2115 2090 2150 2128 1 
2266 2234 2154 2190 2248 2193 2168 2228 2209 1 
2343 2309 2234 2266 2328 2272 2248 2304 2288 1 
2422 2385 2309 2343 2407 2347 2328 2381 2368 1 
2501 2465 2385 2422 2483 2425 2407 2462 2444 1 
2577 2545 2465 2501 2560 2505 2483 2540 2522 1 
2657 2625 2545 2577 2637 2585 2560 2617 2598 1 
2735 2703 2625 2657 2717 2665 2637 2696 2678 1 
2810 2783 2703 2735 2798 2743 2717 2772 2758 1 
2890 2862 2783 2810 2876 2822 2798 2851 2837 1 
2970 2937 2862 2890 2957 2900 2876 2931 2916 1 
3049 3018 2937 2970 3036 2978 2957 3010 2996 1 
3130 3097 3018 3049 3115 3058 3036 3090 3075 1 
3209 3178 3097 3130 3190 3138 3115 3168 3153 1 
3270 3248 3178 3209 3255 3219 3190 3240 3229 1 
3317 3305 3248 3270 3312 3280 3255 3298 3289 1 
3366 3354 3305 3317 3360 3331 3312 3347 3340 1 
1385 1344 1272 1316 1365 1308 1295 1348 1330 1 
1460 1416 1344 1385 1436 1380 1365 1423 1402 1 
1536 1493 1416 1460 1513 1455 1436 1500 1476 1 
1610 1567 1493 1536 1591 1531 1513 1574 1552 1 
1689 1646 1567 1610 1667 1606 1591 1648 1630 1 
1766 1725 1646 1689 1740 1686 1667 1726 1706 1 
1842 1802 1725 1766 1822 1764 1740 1803 1781 1 
1918 1882 1802 1842 1899 1843 1822 1880 1860 1 
1994 1959 1882 1918 1979 1921 1899 1955 1939 1 
2073 2039 1959 1994 2058 1997 1979 2034 2019 1 
2154 2118 2039 2073 2134 2078 2058 2115 2098 1 
2234 2197 2118 2154 2211 2158 2134 2193 2173 1 
2309 2277 2197 2234 2291 2238 2211 2272 2252 1 
2385 2357 2277 2309 2371 2317 2291 2347 2332 1 
2465 2433 2357 2385 2451 2395 2371 2425 2411 1 
2545 2511 2433 2465 2531 2471 2451 2505 2491 1 
2625 2592 2511 2545 2608 2553 2531 2585 2568 1 
2703 2674 2592 2625 2686 2632 2608 2665 2649 1 
2783 2754 2674 2703 2765 2713 2686 2743 2726 1 
2862 2833 2754 2783 2847 2793 2765 2822 2806 1 
2937 2913 2833 2862 2927 2873 2847 2900 2886 1 
3018 2993 2913 2937 3006 2953 2927 2978 2965 1 
3097 3073 2993 3018 3087 3032 3006 3058 3046 1 
3178 3151 3073 3097 3166 3112 3087 3138 3126 1 
3248 3231 3151 3178 3239 3189 3166 3219 3206 1 
3305 3290 3231 3248 3297 3257 3239 3280 3267 1 
3354 3342 3290 3305 3349 3313 3297 3331 3318 1 
1344 1304 1232 1272 1323 1267 1256 1308 1289 1 
1416 1375 1304 1344 1394 1337 1323 1380 1358 1 
1493 1451 1375 1416 1470 1413 1394 1455 1432 1 
1567 1527 1451 1493 1550 1490 1470 1531 1510 1 
1646 1605 1527 1567 1629 1566 1550 1606 1588 1 
1725 1687 1605 1646 1705 1647 1629 1686 1666 1 
1802 1768 1687 1725 1782 1728 1705 1764 1741 1 
1882 1846 1768 1802 1863 1808 1782 1843 1824 1 
1959 1926 1846 1882 1945 1886 1863 1921 1903 1 
2039 2002 1926 1959 2023 1965 1945 1997 1982 1 
2118 2084 2002 2039 2102 2044 2023 2078 2062 1 
2197 2163 2084 2118 2181 2123 2102 2158 2141 1 
2277 2244 2163 2197 2256 2204 2181 2238 2219 1 
2357 2326 2244 2277 2337 2284 2256 2317 2297 1 
2433 2405 2326 2357 2419 2366 2337 2395 2378 1 
2511 2486 2405 2433 2499 2445 2419 2471 2460 1 
2592 2565 2486 2511 2580 2526 2499 2553 2541 1 
2674 2641 2565 2592 2660 2603 2580 2632 2620 1 
2754 2722 2641 2674 2740 2681 2660 2713 2699 1 
2833 2804 2722 2754 2819 2763 2740 2793 2779 1 
2913 2885 2804 2833 2896 2844 2819 2873 2858 1 
2993 2966 2885 2913 2976 2925 2896 2953 2935 1 
3073 3048 2966 2993 3057 3007 2976 3032 3017 1 
3151 3129 3048 3073 3139 3088 3057 3112 3099 1 
3231 3210 3129 3151 3220 3169 3139 3189 3179 1 
3290 3272 3210 3231 3283 3242 3220 3257 3249 1 
3342 3324 3272 3290 3334 3300 3283 3313 3307 1 
1304 1264 1195 1232 1285 1229 1219 1267 1249 1 
1375 1335 1264 1304 1354 1301 1285 1337 1319 1 
1451 1414 1335 1375 1428 1374 1354 1413 1391 1 
1527 1491 1414 1451 1509 1452 1428 1490 1468 1 
1605 1570 1491 1527 1590 1533 1509 1566 1551 1 
1687 1650 1570 1605 1671 1609 1590 1647 1631 1 
1768 1732 1650 1687 1750 1691 1671 1728 1708 1 
1846 1812 1732 1768 1827 1773 1750 1808 1785 1 
1926 1893 1812 1846 1908 1853 1827 1886 1868 1 
2002 1974 1893 1926 1988 1934 1908 1965 1949 1 
2084 2053 1974 2002 2069 2014 1988 2044 2029 1 
2163 2130 2053 2084 2149 2093 2069 2123 2109 1 
2244 2214 2130 2163 2231 2172 2149 2204 2188 1 
2326 2294 2214 2244 2311 2253 2231 2284 2270 1 
2405 2374 2294 2326 2388 2334 2311 2366 2350 1 
2486 2455 2374 2405 2468 2415 2388 2445 2427 1 
2565 2538 2455 2486 2548 2497 2468 2526 2508 1 
2641 2619 2538 2565 2631 2578 2548 2603 2589 1 
2722 2701 2619 2641 2712 2659 2631 2681 2670 1 
2804 2781 2701 2722 2792 2741 2712 2763 2751 1 
2885 2861 2781 2804 2874 2821 2792 2844 2834 1 
2966 2941 2861 2885 2955 2903 2874 2925 2915 1 
3048 3020 2941 2966 3037 2979 2955 3007 2995 1 
3129 3103 3020 3048 3117 3061 3037 3088 3078 1 
3210 3184 3103 3129 3196 3144 3117 3169 3157 1 
3272 3253 3184 3210 3260 3225 3196 3242 3234 1 
3324 3310 3253 3272 3315 3286 3260 3300 3294 1 
1264 1230 1164 1195 1248 1194 1181 1229 1214 1 
1335 1303 1230 1264 1320 1265 1248 1301 1284 1 
1414 1377 1303 1335 1392 1340 1320 1374 1355 1 
1491 1456 1377 1414 1472 1417 1392 1452 1433 1 
1570 1539 1456 1491 1553 1497 1472 1533 1512 1 
1650 1618 1539 1570 1636 1578 1553 1609 1595 1 
1732 1697 1618 1650 1716 1656 1636 1691 1676 1 
1812 1778 1697 1732 1796 1739 1716 1773 1757 1 
1893 1859 1778 1812 1876 1818 1796 1853 1837 1 
1974 1944 1859 1893 1953 1902 1876 1934 1913 1 
2053 2025 1944 1974 2037 1984 1953 2014 1996 1 
2130 2106 2025 2053 2120 2065 2037 2093 2079 1 
2214 2186 2106 2130 2200 2146 2120 2172 2160 1 
2294 2268 2186 2214 2281 2225 2200 2253 2241 1 
2374 2349 2268 2294 2362 2308 2281 2334 2322 1 
2455 2428 2349 2374 2443 2387 2362 2415 2403 1 
2538 2510 2428 2455 2525 2469 2443 2497 2484 1 
2619 2591 2510 2538 2605 2551 2525 2578 2566 1 
2701 2675 2591 2619 2684 2634 2605 2659 2644 1 
2781 2756 2675 2701 2767 2716 2684 2741 2725 1 
2861 2839 2756 2781 2848 2797 2767 2821 2807 1 
2941 2920 2839 2861 2930 2879 2848 2903 2889 1 
3020 3001 2920 2941 3012 2960 2930 2979 2971 1 
3103 3083 3001 3020 3094 3042 3012 3061 3053 1 
3184 3164 3083 3103 3174 3124 3094 3144 3132 1 
3253 3238 3164 3184 3245 3205 3174 3225 3215 1 
3310 3299 3238 3253 3303 3268 3245 3286 3277 1 
1230 1200 1135 1164 1217 1167 1149 1194 1183 1 
1303 1270 1200 1230 1286 1233 1217 1265 1251 1 
1377 1345 1270 1303 1360 1305 1286 1340 1325 1 
1456 1424 1345 1377 1437 1383 1360 1417 1400 1 
1539 1503 1424 1456 1519 1465 1437 1497 1477 1 
1618 1586 1503 1539 1601 1546 1519 1578 1561 1 
1697 1670 1586 1618 1682 1627 1601 1656 1642 1 
1778 1751 1670 1697 1765 1709 1682 1739 1723 1 
1859 1830 1751 1778 1847 1792 1765 1818 1807 1 
1944 1911 1830 1859 1929 1870 1847 1902 1889 1 
2025 1993 1911 1944 2011 1952 1929 1984 1970 1 
2106 2077 1993 2025 2087 2035 2011 2065 2048 1 
2186 2161 2077 2106 2171 2121 2087 2146 2129 1 
2268 2242 2161 2186 2254 2202 2171 2225 2212 1 
2349 2325 2242 2268 2336 2283 2254 2308 2295 1 
2428 2408 2325 2349 2416 2367 2336 2387 2376 1 
2510 2490 2408 2428 2502 2449 2416 2469 2459 1 
2591 2570 2490 2510 2583 2529 2502 2551 2542 1 
2675 2653 2570 2591 2664 2611 2583 2634 2624 1 
2756 2734 2653 2675 2745 2693 2664 2716 2706 1 
2839 2815 2734 2756 2827 2775 2745 2797 2786 1 
2920 2893 2815 2839 2909 2852 2827 2879 2867 1 
3001 2977 2893 2920 2990 2934 2909 2960 2950 1 
3083 3060 2977 3001 3070 3019 2990 3042 3031 1 
3164 3142 3060 3083 3152 3101 3070 3124 3111 1 
3238 3224 3142 3164 3232 3183 3152 3205 3193 1 
3299 3287 3224 3238 3293 3252 3232 3268 3259 1 
1200 1174 1108 1135 1185 1140 1118 1167 1153 1 
1270 1241 1174 1200 1257 1207 1185 1233 1221 1 
1345 1312 1241 1270 1332 1278 1257 1305 1293 1 
1424 1390 1312 1345 1407 1350 1332 1383 1369 1 
1503 1474 1390 1424 1488 1430 1407 1465 1448 1 
1586 1556 1474 1503 1568 1515 1488 1546 1528 1 
1670 1638 1556 1586 1653 1598 1568 1627 1611 1 
1751 1722 1638 1670 1734 1681 1653 1709 1693 1 
1830 1806 1722 1751 1816 1763 1734 1792 1776 1 
1911 1890 1806 1830 1901 1848 1816 1870 1858 1 
1993 1972 1890 1911 1985 1931 1901 1952 1943 1 
2077 2054 1972 1993 2066 2012 1985 2035 2026 1 
2161 2137 2054 2077 2148 2096 2066 2121 2107 1 
2242 2215 2137 2161 2233 2177 2148 2202 2189 1 
2325 2298 2215 2242 2315 2257 2233 2283 2274 1 
2408 2383 2298 2325 2394 2339 2315 2367 2354 1 
2490 2464 2383 2408 2476 2423 2394 2449 2435 1 
2570 2547 2464 2490 2556 2506 2476 2529 2515 1 
2653 2630 2547 2570 2638 2588 2556 2611 2597 1 
2734 2714 2630 2653 2720 2671 2638 2693 2679 1 
2815 2796 2714 2734 2803 2755 2720 2775 2762 1 
2893 2878 2796 2815 2887 2838 2803 2852 2846 1 
2977 2961 2878 2893 2969 2921 2887 2934 2928 1 
3060 3044 2961 2977 3052 3003 2969 3019 3011 1 
3142 3125 3044 3060 3134 3084 3052 3101 3093 1 
3224 3208 3125 3142 3216 3167 3134 3183 3175 1 
3287 3273 3208 3224 3279 3241 3216 3252 3246 1 
1174 1147 1081 1108 1157 1114 1094 1140 1124 1 
1241 1216 1147 1174 1227 1179 1157 1207 1191 1 
1312 1288 1216 1241 1300 1252 1227 1278 1263 1 
1390 1366 1288 1312 1378 1327 1300 1350 1339 1 
1474 1447 1366 1390 1459 1405 1378 1430 1418 1 
1556 1526 1447 1474 1542 1486 1459 1515 1502 1 
1638 1612 1526 1556 1625 1569 1542 1598 1585 1 
1722 1696 1612 1638 1711 1654 1625 1681 1668 1 
1806 1779 1696 1722 1794 1737 1711 1763 1753 1 
1890 1864 1779 1806 1873 1821 1794 1848 1834 1 
1972 1947 1864 1890 1956 1906 1873 1931 1915 1 
2054 2030 1947 1972 2040 1989 1956 2012 2000 1 
2137 2114 2030 2054 2124 2071 2040 2096 2082 1 
2215 2198 2114 2137 2205 2156 2124 2177 2165 1 
2298 2280 2198 2215 2290 2239 2205 2257 2249 1 
2383 2364 2280 2298 2373 2321 2290 2339 2331 1 
2464 2448 2364 2383 2454 2406 2373 2423 2413 1 
2547 2528 2448 2464 2539 2488 2454 2506 2498 1 
2630 2613 2528 2547 2622 2571 2539 2588 2582 1 
2714 2695 2613 2630 2705 2654 2622 2671 2663 1 
2796 2777 2695 2714 2787 2737 2705 2755 2746 1 
2878 2859 2777 2796 2870 2818 2787 2838 2828 1 
2961 2943 2859 2878 2951 2902 2870 2921 2911 1 
3044 3023 2943 2961 3034 2983 2951 3003 2992 1 
3125 3105 3023 3044 3118 3064 3034 3084 3076 1 
3208 3187 3105 3125 3200 3145 3118 3167 3159 1 
3273 3256 3187 3208 3261 3228 3200 3241 3236 1 
1147 1122 1058 1081 1134 1089 1072 1114 1102 1 
1216 1190 1122 1147 1203 1155 1134 1179 1170 1 
1288 1262 1190 1216 1276 1225 1203 1252 1239 1 
1366 1341 1262 1288 1349 1302 1276 1327 1309 1 
1447 1421 1341 1366 1431 1381 1349 1405 1389 1 
1526 1504 1421 1447 1516 1464 1431 1486 1475 1 
1612 1589 1504 1526 1600 1547 1516 1569 1559 1 
1696 1674 1589 1612 1684 1633 1600 1654 1644 1 
1779 1759 1674 1696 1770 1718 1684 1737 1727 1 
1864 1841 1759 1779 1854 1800 1770 1821 1811 1 
1947 1927 1841 1864 1936 1885 1854 1906 1895 1 
2030 2009 1927 1947 2021 1968 1936 1989 1978 1 
2114 2091 2009 2030 2104 2050 2021 2071 2063 1 
2198 2175 2091 2114 2187 2136 2104 2156 2145 1 
2280 2258 2175 2198 2273 2216 2187 2239 2229 1 
2364 2342 2258 2280 2353 2299 2273 2321 2313 1 
2448 2426 2342 2364 2436 2384 2353 2406 2396 1 
2528 2509 2426 2448 2519 2467 2436 2488 2478 1 
2613 2593 2509 2528 2599 2550 2519 2571 2559 1 
2695 2676 2593 2613 2682 2635 2599 2654 2640 1 
2777 2759 2676 2695 2768 2718 2682 2737 2724 1 
2859 2842 2759 2777 2849 2801 2768 2818 2809 1 
2943 2926 2842 2859 2932 2884 2849 2902 2891 1 
3023 3009 2926 2943 3014 2968 2932 2983 2973 1 
3105 3091 3009 3023 3098 3051 3014 3064 3056 1 
3187 3176 3091 3105 3182 3133 3098 3145 3140 1 
3256 3247 3176 3187 3251 3217 3182 3228 3223 1 
1122 1105 1042 1058 1113 1074 1051 1089 1080 1 
1190 1172 1105 1122 1180 1137 1113 1155 1146 1 
1262 1243 1172 1190 1255 1206 1180 1225 1218 1 
1341 1318 1243 1262 1329 1280 1255 1302 1291 1 
1421 1398 1318 1341 1409 1357 1329 1381 1370 1 
1504 1480 1398 1421 1494 1438 1409 1464 1450 1 
1589 1564 1480 1504 1579 1522 1494 1547 1537 1 
1674 1651 1564 1589 1662 1607 1579 1633 1621 1 
1759 1735 1651 1674 1746 1694 1662 1718 1703 1 
1841 1820 1735 1759 1828 1777 1746 1800 1788 1 
1927 1907 1820 1841 1912 1865 1828 1885 1871 1 
2009 1991 1907 1927 1998 1950 1912 1968 1954 1 
2091 2074 1991 2009 2083 2032 1998 2050 2041 1 
2175 2159 2074 2091 2166 2116 2083 2136 2125 1 
2258 2243 2159 2175 2251 2201 2166 2216 2210 1 
2342 2329 2243 2258 2333 2286 2251 2299 2293 1 
2426 2412 2329 2342 2418 2370 2333 2384 2375 1 
2509 2493 2412 2426 2503 2453 2418 2467 2461 1 
2593 2579 2493 2509 2586 2536 2503 2550 2544 1 
2676 2662 2579 2593 2669 2621 2586 2635 2627 1 
2759 2747 2662 2676 2753 2704 2669 2718 2710 1 
2842 2829 2747 2759 2835 2789 2753 2801 2794 1 
2926 2912 2829 2842 2919 2871 2835 2884 2877 1 
3009 2998 2912 2926 3004 2954 2919 2968 2962 1 
3091 3080 2998 3009 3086 3039 3004 3051 3045 1 
3176 3162 3080 3091 3171 3122 3086 3133 3128 1 
3247 3237 3162 3176 3243 3203 3171 3217 3211 1 
1105 1085 1023 1042 1093 1053 1033 1074 1062 1 
1172 1152 1085 1105 1158 1117 1093 1137 1125 1 
1243 1222 1152 1172 1231 1187 1158 1206 1193 1 
1318 1298 1222 1243 1307 1259 1231 1280 1268 1 
1398 1379 1298 1318 1386 1336 1307 1357 1347 1 
1480 1463 1379 1398 1471 1420 1386 1438 1426 1 
1564 1548 1463 1480 1557 1506 1471 1522 1514 1 
1651 1635 1548 1564 1643 1593 1557 1607 1599 1 
1735 1720 1635 1651 1730 1678 1643 1694 1685 1 
1820 1805 1720 1735 1814 1762 1730 1777 1772 1 
1907 1891 1805 1820 1897 1849 1814 1865 1855 1 
1991 1975 1891 1907 1983 1933 1897 1950 1940 1 
2074 2061 1975 1991 2068 2017 1983 2032 2027 1 
2159 2143 2061 2074 2152 2103 2068 2116 2110 1 
2243 2227 2143 2159 2236 2184 2152 2201 2195 1 
2329 2314 2227 2243 2319 2271 2236 2286 2278 1 
2412 2397 2314 2329 2404 2356 2319 2370 2360 1 
2493 2481 2397 2412 2487 2439 2404 2453 2447 1 
2579 2563 2481 2493 2572 2523 2487 2536 2530 1 
2662 2648 2563 2579 2656 2606 2572 2621 2615 1 
2747 2731 2648 2662 2739 2691 2656 2704 2698 1 
2829 2813 2731 2747 2823 2773 2739 2789 2780 1 
2912 2894 2813 2829 2906 2855 2823 2871 2865 1 
2998 2980 2894 2912 2989 2938 2906 2954 2948 1 
3080 3063 2980 2998 3071 3021 2989 3039 3029 1 
3162 3146 3063 3080 3156 3104 3071 3122 3114 1 
3237 3230 3146 3162 3235 3188 3156 3203 3197 1 
1085 1069 1011 1023 1078 1039 1018 1053 1046 1 
1152 1138 1069 1085 1143 1103 1078 1117 1111 1 
1222 1210 1138 1152 1215 1173 1143 1187 1178 1 
1298 1282 1210 1222 1290 1244 1215 1259 1254 1 
1379 1362 1282 1298 1371 1322 1290 1336 1331 1 
1463 1443 1362 1379 1454 1404 1371 1420 1412 1 
1548 1532 1443 1463 1540 1487 1454 1506 1498 1 
1635 1617 1532 1548 1624 1575 1540 1593 1583 1 
1720 1701 1617 1635 1713 1660 1624 1678 1669 1 
1805 1786 1701 1720 1797 1743 1713 1762 1756 1 
1891 1872 1786 1805 1881 1829 1797 1849 1839 1 
1975 1958 1872 1891 1966 1914 1881 1933 1924 1 
2061 2043 1958 1975 2051 2001 1966 2017 2008 1 
2143 2126 2043 2061 2138 2085 2051 2103 2095 1 
2227 2213 2126 2143 2221 2170 2138 2184 2179 1 
2314 2296 2213 2227 2303 2255 2221 2271 2261 1 
2397 2382 2296 2314 2386 2338 2303 2356 2344 1 
2481 2466 2382 2397 2470 2424 2386 2439 2429 1 
2563 2549 2466 2481 2555 2507 2470 2523 2513 1 
2648 2636 2549 2563 2639 2594 2555 2606 2596 1 
2731 2719 2636 2648 2723 2677 2639 2691 2680 1 
2813 2802 2719 2731 2808 2760 2723 2773 2766 1 
2894 2888 2802 2813 2892 2845 2808 2855 2850 1 
2980 2972 2888 2894 2974 2929 2892 2938 2933 1 
3063 3054 2972 2980 3059 3013 2974 3021 3016 1 
3146 3137 3054 3063 3143 3096 3059 3104 3100 1 
3230 3222 3137 3146 3226 3180 3143 3188 3185 1 
1069 1057 995 1011 1064 1025 1006 1039 1035 1 
1138 1120 1057 1069 1129 1088 1064 1103 1096 1 
1210 1192 1120 1138 1198 1156 1129 1173 1163 1 
1282 1266 1192 1210 1273 1228 1198 1244 1237 1 
1362 1346 1266 1282 1351 1306 1273 1322 1310 1 
1443 1427 1346 1362 1435 1387 1351 1404 1393 1 
1532 1517 1427 1443 1521 1473 1435 1487 1478 1 
1617 1602 1517 1532 1608 1560 1521 1575 1563 1 
1701 1690 1602 1617 1695 1645 1608 1660 1652 1 
1786 1775 1690 1701 1780 1733 1695 1743 1738 1 
1872 1861 1775 1786 1867 1817 1780 1829 1825 1 
1958 1948 1861 1872 1951 1905 1867 1914 1910 1 
2043 2031 1948 1958 2038 1990 1951 2001 1992 1 
2126 2119 2031 2043 2122 2075 2038 2085 2081 1 
2213 2203 2119 2126 2207 2162 2122 2170 2164 1 
2296 2289 2203 2213 2292 2245 2207 2255 2250 1 
2382 2372 2289 2296 2377 2330 2292 2338 2335 1 
2466 2457 2372 2382 2463 2414 2377 2424 2421 1 
2549 2543 2457 2466 2546 2500 2463 2507 2504 1 
2636 2626 2543 2549 2629 2584 2546 2594 2587 1 
2719 2709 2626 2636 2715 2667 2629 2677 2673 1 
2802 2795 2709 2719 2799 2752 2715 2760 2757 1 
2888 2880 2795 2802 2882 2836 2799 2845 2841 1 
2972 2964 2880 2888 2967 2922 2882 2929 2924 1 
3054 3047 2964 2972 3050 3005 2967 3013 3008 1 
3137 3131 3047 3054 3135 3089 3050 3096 3092 1 
3222 3214 3131 3137 3218 3172 3135 3180 3177 1 
1057 1047 991 995 1052 1019 993 1025 1021 1 
1120 1112 1047 1057 1116 1079 1052 1088 1083 1 
1192 1182 1112 1120 1188 1148 1116 1156 1151 1 
1266 1258 1182 1192 1261 1220 1188 1228 1223 1 
1346 1334 1258 1266 1343 1296 1261 1306 1299 1 
1427 1419 1334 1346 1425 1376 1343 1387 1382 1 
1517 1505 1419 1427 1511 1461 1425 1473 1466 1 
1602 1594 1505 1517 1597 1549 1511 1560 1554 1 
1690 1680 1594 1602 1683 1637 1597 1645 1640 1 
1775 1767 1680 1690 1771 1721 1683 1733 1729 1 
1861 1852 1767 1775 1856 1810 1771 1817 1815 1 
1948 1937 1852 1861 1942 1894 1856 1905 1898 1 
2031 2024 1937 1948 2028 1981 1942 1990 1987 1 
2119 2108 2024 2031 2112 2067 2028 2075 2070 1 
2203 2196 2108 2119 2199 2151 2112 2162 2157 1 
2289 2279 2196 2203 2282 2237 2199 2245 2240 1 
2372 2365 2279 2289 2369 2320 2282 2330 2327 1 
2457 2450 2365 2372 2452 2409 2369 2414 2410 1 
2543 2534 2450 2457 2537 2492 2452 2500 2494 1 
2626 2618 2534 2543 2623 2576 2537 2584 2581 1 
2709 2702 2618 2626 2707 2661 2623 2667 2666 1 
2795 2788 2702 2709 2791 2744 2707 2752 2749 1 
2880 2872 2788 2795 2875 2830 2791 2836 2832 1 
2964 2956 2872 2880 2959 2914 2875 2922 2917 1 
3047 3040 2956 2964 3043 2999 2959 3005 3000 1 
3131 3123 3040 3047 3127 3082 3043 3089 3085 1 
3214 3207 3123 3131 3212 3165 3127 3172 3170 1 
1047 1040 983 991 1043 1010 987 1019 1015 1 
1112 1106 1040 1047 1109 1071 1043 1079 1076 1 
1182 1175 1106 1112 1177 1139 1109 1148 1141 1 
1258 1246 1175 1182 1253 1211 1177 1220 1213 1 
1334 1328 1246 1258 1333 1287 1253 1296 1292 1 
1419 1410 1328 1334 1415 1368 1333 1376 1372 1 
1505 1496 1410 1419 1501 1453 1415 1461 1457 1 
1594 1584 1496 1505 1587 1541 1501 1549 1545 1 
1680 1672 1584 1594 1675 1626 1587 1637 1632 1 
1767 1758 1672 1680 1760 1715 1675 1721 1719 1 
1852 1844 1758 1767 1850 1801 1760 1810 1804 1 
1937 1930 1844 1852 1935 1887 1850 1894 1892 1 
2024 2015 1930 1937 2020 1973 1935 1981 1976 1 
2108 2101 2015 2024 2105 2059 2020 2067 2064 1 
2196 2185 2101 2108 2192 2144 2105 2151 2147 1 
2279 2275 2185 2196 2276 2230 2192 2237 2235 1 
2365 2358 2275 2279 2359 2316 2276 2320 2318 1 
2450 2442 2358 2365 2446 2399 2359 2409 2402 1 
2534 2527 2442 2450 2532 2485 2446 2492 2489 1 
2618 2612 2527 2534 2616 2569 2532 2576 2574 1 
2702 2697 2612 2618 2700 2655 2616 2661 2658 1 
2788 2782 2697 2702 2784 2738 2700 2744 2742 1 
2872 2866 2782 2788 2868 2824 2784 2830 2826 1 
2956 2949 2866 2872 2952 2907 2868 2914 2910 1 
3040 3033 2949 2956 3038 2991 2952 2999 2994 1 
3123 3119 3033 3040 3121 3077 3038 3082 3079 1 
3207 3202 3119 3123 3204 3161 3121 3165 3163 1 
1040 1036 978 983 1038 1007 980 1010 1008 1 
1106 1098 1036 1040 1101 1065 1038 1071 1068 1 
1175 1168 1098 1106 1171 1132 1101 1139 1136 1 
1246 1242 1168 1175 1245 1204 1171 1211 1209 1 
1328 1321 1242 1246 1324 1281 1245 1287 1283 1 
1410 1403 1321 1328 1406 1361 1324 1368 1364 1 
1496 1489 1403 1410 1492 1446 1406 1453 1449 1 
1584 1577 1489 1496 1581 1535 1492 1541 1538 1 
1672 1663 1577 1584 1665 1622 1581 1626 1623 1 
1758 1752 1663 1672 1755 1707 1665 1715 1712 1 
1844 1838 1752 1758 1840 1795 1755 1801 1798 1 
1930 1923 1838 1844 1928 1879 1840 1887 1884 1 
2015 2010 1923 1930 2013 1967 1928 1973 1971 1 
2101 2097 2010 2015 2100 2052 2013 2059 2056 1 
2185 2182 2097 2101 2183 2140 2100 2144 2142 1 
2275 2265 2182 2185 2269 2223 2183 2230 2224 1 
2358 2352 2265 2275 2355 2310 2269 2316 2312 1 
2442 2437 2352 2358 2440 2393 2355 2399 2398 1 
2527 2521 2437 2442 2524 2480 2440 2485 2482 1 
2612 2607 2521 2527 2609 2564 2524 2569 2567 1 
2697 2692 2607 2612 2694 2650 2609 2655 2652 1 
2782 2776 2692 2697 2778 2733 2694 2738 2736 1 
2866 2860 2776 2782 2864 2817 2778 2824 2820 1 
2949 2945 2860 2866 2947 2904 2864 2907 2905 1 
3033 3028 2945 2949 3030 2987 2947 2991 2988 1 
3119 3113 3028 3033 3116 3069 3030 3077 3074 1 
3202 3198 3113 3119 3201 3155 3116 3161 3158 1 
1036 1030 974 978 1032 1001 976 1007 1003 1 
1098 1095 1030 1036 1097 1061 1032 1065 1063 1 
1168 1162 1095 1098 1165 1128 1097 1132 1130 1 
1242 1238 1162 1168 1240 1199 1165 1204 1202 1 
1321 1315 1238 1242 1317 1277 1240 1281 1279 1 
1403 1399 1315 1321 1401 1356 1317 1361 1359 1 
1489 1484 1399 1403 1485 1441 1401 1446 1442 1 
1577 1573 1484 1489 1576 1525 1485 1535 1530 1 
1663 1659 1573 1577 1661 1616 1576 1622 1620 1 
1752 1745 1659 1663 1749 1702 1661 1707 1704 1 
1838 1833 1745 1752 1836 1791 1749 1795 1793 1 
1923 1919 1833 1838 1922 1877 1836 1879 1878 1 
2010 2006 1919 1923 2007 1963 1922 1967 1964 1 
2097 2089 2006 2010 2094 2047 2007 2052 2049 1 
2182 2178 2089 2097 2180 2135 2094 2140 2139 1 
2265 2262 2178 2182 2263 2220 2180 2223 2222 1 
2352 2348 2262 2265 2351 2306 2263 2310 2307 1 
2437 2432 2348 2352 2434 2391 2351 2393 2392 1 
2521 2518 2432 2437 2520 2475 2434 2480 2477 1 
2607 2602 2518 2521 2604 2561 2520 2564 2562 1 
2692 2688 2602 2607 2690 2645 2604 2650 2646 1 
2776 2771 2688 2692 2774 2730 2690 2733 2732 1 
2860 2856 2771 2776 2857 2814 2774 2817 2816 1 
2945 2942 2856 2860 2944 2898 2857 2904 2901 1 
3028 3026 2942 2945 3027 2984 2944 2987 2985 1 
3113 3108 3026 3028 3110 3067 3027 3069 3068 1 
3198 3194 3108 3113 3195 3150 3110 3155 3154 1 
1030 1027 972 974 1028 997 973 1001 998 1 
1095 1090 1027 1030 1091 1059 1028 1061 1060 1 
1162 1159 1090 1095 1160 1126 1091 1128 1127 1 
1238 1235 1159 1162 1236 1196 1160 1199 1197 1 
1315 1311 1235 1238 1313 1274 1236 1277 1275 1 
1399 1396 1311 1315 1397 1352 1313 1356 1353 1 
1484 1482 1396 1399 1483 1439 1397 1441 1440 1 
1573 1571 1482 1484 1572 1523 1483 1525 1524 1 
1659 1657 1571 1573 1658 1614 1572 1616 1615 1 
1745 1742 1657 1659 1744 1699 1658 1702 1700 1 
1833 1831 1742 1745 1832 1787 1744 1791 1789 1 
1919 1916 1831 1833 1917 1874 1832 1877 1875 1 
2006 2003 1916 1919 2004 1960 1917 1963 1962 1 
2089 2086 2003 2006 2088 2045 2004 2047 2046 1 
2178 2174 2086 2089 2176 2132 2088 2135 2133 1 
2262 2259 2174 2178 2260 2217 2176 2220 2218 1 
2348 2345 2259 2262 2346 2301 2260 2306 2305 1 
2432 2430 2345 2348 2431 2389 2346 2391 2390 1 
2518 2516 2430 2432 2517 2472 2431 2475 2473 1 
2602 2600 2516 2518 2601 2557 2517 2561 2558 1 
2688 2685 2600 2602 2687 2642 2601 2645 2643 1 
2771 2769 2685 2688 2770 2728 2687 2730 2729 1 
2856 2853 2769 2771 2854 2811 2770 2814 2812 1 
2942 2939 2853 2856 2940 2895 2854 2898 2897 1 
3026 3024 2939 2942 3025 2981 2940 2984 2982 1 
3108 3106 3024 3026 3107 3065 3025 3067 3066 1 
3194 3191 3106 3108 3192 3148 3107 3150 3149 1 
