   8.549581698477306E-003
   7.328230566541470E-003
   6.323417758785320E-003
   5.492925387188350E-003
   4.804162929627370E-003
   4.232512786643465E-003
   3.758448881298307E-003
   3.366580135316936E-003
   3.043522920175062E-003
   2.778221433580828E-003
   2.561307886192863E-003
   2.384791076165590E-003
   2.241841410688818E-003
   2.126627865614634E-003
   2.034192223724493E-003
   1.960344883524253E-003
   1.901585987781828E-003
   1.854968902264464E-003
   1.818142005257691E-003
   1.789086767060160E-003
   1.766182706481233E-003
   1.748180214153662E-003
   1.734049686714560E-003
   1.722971983738816E-003
   1.714294817568261E-003
   1.707500891369087E-003
   1.702185884048766E-003
   1.698021519257010E-003
   1.694771811759626E-003
   1.692234933562365E-003
   1.690250167167889E-003
   1.688699494924201E-003
   1.687487561010267E-003
   1.686540814752540E-003
   1.685801800502050E-003
   1.685224638309117E-003
   1.684773903230547E-003
   1.684421915131287E-003
   1.684147048875021E-003
   1.683932411882407E-003
   1.683764809694644E-003
   1.683633937161740E-003
   1.683531746214466E-003
   1.683451951796207E-003
   1.683389572455643E-003
   1.683340895318950E-003
   1.683302885971586E-003
   1.683273224772988E-003
   1.683250064743868E-003
   1.683231980988781E-003
   1.683217862137217E-003
   1.683206836954376E-003
   1.683198218102085E-003
   1.683191496369043E-003
   1.683186247948419E-003
   1.683182149911737E-003
   1.683178950112931E-003
   1.683176450052377E-003
   1.683174499236171E-003
