93
6.000000e-001 1.900000e-001
6.000000e-001 2.000000e-001
5.873574e-001 1.950000e-001
5.873574e-001 2.050000e-001
6.000000e-001 2.100000e-001
5.747072e-001 1.900000e-001
5.747222e-001 2.000000e-001
5.747072e-001 2.100000e-001
5.621486e-001 1.950000e-001
5.621486e-001 2.050000e-001
5.495542e-001 1.900000e-001
5.496108e-001 2.000000e-001
5.495542e-001 2.100000e-001
5.371600e-001 1.950000e-001
5.371600e-001 2.050000e-001
5.246776e-001 1.900000e-001
5.247972e-001 2.000000e-001
5.246776e-001 2.100000e-001
5.125227e-001 1.950000e-001
5.125227e-001 2.050000e-001
5.002088e-001 1.900000e-001
5.004073e-001 2.000000e-001
5.002088e-001 2.100000e-001
4.883620e-001 1.950000e-001
4.883620e-001 2.050000e-001
4.762719e-001 1.900000e-001
4.765600e-001 2.000000e-001
4.762719e-001 2.100000e-001
4.647948e-001 1.950000e-001
4.647948e-001 2.050000e-001
4.533652e-001 2.000000e-001
4.529820e-001 1.900000e-001
4.529820e-001 2.100000e-001
4.419284e-001 1.950000e-001
4.419284e-001 2.050000e-001
4.309228e-001 2.000000e-001
4.304434e-001 1.900000e-001
4.304434e-001 2.100000e-001
4.198590e-001 1.950000e-001
4.198590e-001 2.050000e-001
4.093213e-001 2.000000e-001
4.087484e-001 1.900000e-001
4.087484e-001 2.100001e-001
3.986709e-001 1.950000e-001
3.986709e-001 2.050000e-001
3.886372e-001 2.000000e-001
3.879767e-001 1.900000e-001
3.879767e-001 2.100001e-001
3.784354e-001 1.950000e-001
3.784354e-001 2.050000e-001
3.689339e-001 2.000000e-001
3.681941e-001 1.900000e-001
3.681940e-001 2.100001e-001
3.592106e-001 1.950000e-001
3.592106e-001 2.050001e-001
3.502619e-001 2.000000e-001
3.494526e-001 1.900000e-001
3.494526e-001 2.100001e-001
3.410409e-001 1.950000e-001
3.410409e-001 2.050001e-001
3.326586e-001 2.000000e-001
3.317905e-001 1.900000e-001
3.317905e-001 2.100001e-001
3.239574e-001 1.950000e-001
3.239574e-001 2.050001e-001
3.161482e-001 2.000000e-001
3.152323e-001 1.900000e-001
3.152323e-001 2.100001e-001
3.079781e-001 1.950000e-001
3.079781e-001 2.050001e-001
3.007423e-001 2.000000e-001
2.997894e-001 1.900000e-001
2.997894e-001 2.100001e-001
2.931084e-001 1.950000e-001
2.931084e-001 2.050001e-001
2.864408e-001 2.000000e-001
2.854610e-001 1.900000e-001
2.854610e-001 2.100001e-001
2.793422e-001 1.950000e-001
2.793422e-001 2.050001e-001
2.732322e-001 2.000000e-001
2.722347e-001 1.900000e-001
2.722347e-001 2.100001e-001
2.666626e-001 1.950000e-001
2.666626e-001 2.050001e-001
2.610954e-001 2.000000e-001
2.600882e-001 1.900000e-001
2.600882e-001 2.100001e-001
2.550433e-001 1.950000e-001
2.550433e-001 2.050001e-001
2.500000e-001 2.000000e-001
2.489898e-001 1.900000e-001
2.489898e-001 2.100001e-001
