144
2 3 1 1 
7 3 2 1 
6 3 7 1 
1 3 6 1 
5 4 2 1 
8 4 5 1 
7 4 8 1 
2 4 7 1 
7 9 6 1 
12 9 7 1 
11 9 12 1 
6 9 11 1 
8 10 7 1 
13 10 8 1 
12 10 13 1 
7 10 12 1 
12 14 11 1 
17 14 12 1 
16 14 17 1 
11 14 16 1 
13 15 12 1 
18 15 13 1 
17 15 18 1 
12 15 17 1 
17 19 16 1 
22 19 17 1 
21 19 22 1 
16 19 21 1 
18 20 17 1 
23 20 18 1 
22 20 23 1 
17 20 22 1 
22 24 21 1 
27 24 22 1 
26 24 27 1 
21 24 26 1 
23 25 22 1 
28 25 23 1 
27 25 28 1 
22 25 27 1 
27 29 26 1 
31 29 27 1 
32 29 31 1 
26 29 32 1 
28 30 27 1 
33 30 28 1 
31 30 33 1 
27 30 31 1 
31 34 32 1 
36 34 31 1 
37 34 36 1 
32 34 37 1 
33 35 31 1 
38 35 33 1 
36 35 38 1 
31 35 36 1 
36 39 37 1 
41 39 36 1 
42 39 41 1 
37 39 42 1 
38 40 36 1 
43 40 38 1 
41 40 43 1 
36 40 41 1 
41 44 42 1 
46 44 41 1 
47 44 46 1 
42 44 47 1 
43 45 41 1 
48 45 43 1 
46 45 48 1 
41 45 46 1 
46 49 47 1 
51 49 46 1 
52 49 51 1 
47 49 52 1 
48 50 46 1 
53 50 48 1 
51 50 53 1 
46 50 51 1 
51 54 52 1 
56 54 51 1 
57 54 56 1 
52 54 57 1 
53 55 51 1 
58 55 53 1 
56 55 58 1 
51 55 56 1 
56 59 57 1 
61 59 56 1 
62 59 61 1 
57 59 62 1 
58 60 56 1 
63 60 58 1 
61 60 63 1 
56 60 61 1 
61 64 62 1 
66 64 61 1 
67 64 66 1 
62 64 67 1 
63 65 61 1 
68 65 63 1 
66 65 68 1 
61 65 66 1 
66 69 67 1 
71 69 66 1 
72 69 71 1 
67 69 72 1 
68 70 66 1 
73 70 68 1 
71 70 73 1 
66 70 71 1 
71 74 72 1 
76 74 71 1 
77 74 76 1 
72 74 77 1 
73 75 71 1 
78 75 73 1 
76 75 78 1 
71 75 76 1 
76 79 77 1 
81 79 76 1 
82 79 81 1 
77 79 82 1 
78 80 76 1 
83 80 78 1 
81 80 83 1 
76 80 81 1 
81 84 82 1 
86 84 81 1 
87 84 86 1 
82 84 87 1 
83 85 81 1 
88 85 83 1 
86 85 88 1 
81 85 86 1 
86 89 87 1 
91 89 86 1 
92 89 91 1 
87 89 92 1 
88 90 86 1 
93 90 88 1 
91 90 93 1 
86 90 91 1 
