         116
        2.000000000000000   8.000000000000000E-001
        2.010600000000000   7.894736999999999E-001
        2.000000000000000   7.789474000000000E-001
        2.021200000000000   8.000000000000000E-001
        2.021200000000000   7.789474000000000E-001
        2.010600000000000   7.684211000000000E-001
        2.000000000000000   7.578947000000000E-001
        2.021200000000000   7.578947000000000E-001
        2.010600000000000   7.473684000000000E-001
        2.000000000000000   7.368421000000001E-001
        2.021200000000000   7.368421000000001E-001
        2.010600000000000   7.263158000000000E-001
        2.000000000000000   7.157895000000000E-001
        2.021200000000000   7.157895000000000E-001
        2.010600000000000   7.052632000000000E-001
        2.000000000000000   6.947368000000000E-001
        2.021200000000000   6.947368000000000E-001
        2.010600000000000   6.842105000000001E-001
        2.000000000000000   6.736842000000000E-001
        2.021200000000000   6.736842000000000E-001
        2.010600000000000   6.631579000000000E-001
        2.000000000000000   6.526316000000000E-001
        2.021200000000000   6.526316000000000E-001
        2.010600000000000   6.421053000000000E-001
        2.000000000000000   6.315789000000001E-001
        2.021200000000000   6.315789000000001E-001
        2.010600000000000   6.210526000000000E-001
        2.000000000000000   6.105263000000000E-001
        2.021200000000000   6.105263000000000E-001
        2.010600000000000   6.000000000000000E-001
        2.000000000000000   5.894737000000000E-001
        2.021200000000000   5.894737000000000E-001
        2.010600000000000   5.789474000000000E-001
        2.000000000000000   5.684211000000000E-001
        2.021200000000000   5.684211000000000E-001
        2.010600000000000   5.578947000000000E-001
        2.000000000000000   5.473684000000000E-001
        2.021200000000000   5.473684000000000E-001
        2.010600000000000   5.368421000000000E-001
        2.000000000000000   5.263158000000000E-001
        2.021200000000000   5.263158000000000E-001
        2.010600000000000   5.157895000000000E-001
        2.000000000000000   5.052632000000000E-001
        2.021200000000000   5.052632000000000E-001
        2.010600000000000   4.947368000000000E-001
        2.000000000000000   4.842105000000000E-001
        2.021200000000000   4.842105000000000E-001
        2.010600000000000   4.736842000000000E-001
        2.000000000000000   4.631579000000000E-001
        2.021200000000000   4.631579000000000E-001
        2.010600000000000   4.526316000000000E-001
        2.000000000000000   4.421053000000000E-001
        2.021200000000000   4.421053000000000E-001
        2.010600000000000   4.315789000000000E-001
        2.000000000000000   4.210526000000000E-001
        2.021200000000000   4.210526000000000E-001
        2.010600000000000   4.105263000000000E-001
        2.000000000000000   4.000000000000000E-001
        2.021200000000000   4.000000000000000E-001
        2.010600000000000   3.894737000000000E-001
        2.000000000000000   3.789474000000000E-001
        2.021200000000000   3.789474000000000E-001
        2.010600000000000   3.684211000000000E-001
        2.000000000000000   3.578947000000000E-001
        2.021200000000000   3.578947000000000E-001
        2.010600000000000   3.473684000000000E-001
        2.000000000000000   3.368421000000000E-001
        2.021200000000000   3.368421000000000E-001
        2.010600000000000   3.263158000000000E-001
        2.000000000000000   3.157895000000000E-001
        2.021200000000000   3.157895000000000E-001
        2.010600000000000   3.052632000000000E-001
        2.000000000000000   2.947368000000000E-001
        2.021200000000000   2.947368000000000E-001
        2.010600000000000   2.842105000000000E-001
        2.000000000000000   2.736842000000000E-001
        2.021200000000000   2.736842000000000E-001
        2.010600000000000   2.631579000000000E-001
        2.000000000000000   2.526316000000000E-001
        2.021200000000000   2.526316000000000E-001
        2.010600000000000   2.421053000000000E-001
        2.000000000000000   2.315789000000000E-001
        2.021200000000000   2.315789000000000E-001
        2.010600000000000   2.210526000000000E-001
        2.000000000000000   2.105263000000000E-001
        2.021200000000000   2.105263000000000E-001
        2.010600000000000   2.000000000000000E-001
        2.000000000000000   1.894737000000000E-001
        2.021200000000000   1.894737000000000E-001
        2.010600000000000   1.789474000000000E-001
        2.000000000000000   1.684211000000000E-001
        2.021200000000000   1.684211000000000E-001
        2.010600000000000   1.578947000000000E-001
        2.000000000000000   1.473684000000000E-001
        2.021200000000000   1.473684000000000E-001
        2.010600000000000   1.368421000000000E-001
        2.000000000000000   1.263158000000000E-001
        2.021200000000000   1.263158000000000E-001
        2.010600000000000   1.157895000000000E-001
        2.000000000000000   1.052632000000000E-001
        2.021200000000000   1.052632000000000E-001
        2.010600000000000   9.473684000000000E-002
        2.000000000000000   8.421053000000001E-002
        2.021200000000000   8.421053000000001E-002
        2.010600000000000   7.368421000000000E-002
        2.000000000000000   6.315788999999999E-002
        2.021200000000000   6.315788999999999E-002
        2.010600000000000   5.263158000000000E-002
        2.000000000000000   4.210526000000000E-002
        2.021200000000000   4.210526000000000E-002
        2.010600000000000   3.157895000000000E-002
        2.000000000000000   2.105263000000000E-002
        2.021200000000000   2.105263000000000E-002
        2.010600000000000   1.052632000000000E-002
        2.000000000000000   0.000000000000000E+000
        2.021200000000000   0.000000000000000E+000
