     152
     113    114    116      1
     112    114    113      1
     115    114    112      1
     116    114    115      1
     110    111    113      1
     109    111    110      1
     112    111    109      1
     113    111    112      1
     107    108    110      1
     106    108    107      1
     109    108    106      1
     110    108    109      1
     104    105    107      1
     103    105    104      1
     106    105    103      1
     107    105    106      1
     101    102    104      1
     100    102    101      1
     103    102    100      1
     104    102    103      1
      98     99    101      1
      97     99     98      1
     100     99     97      1
     101     99    100      1
      95     96     98      1
      94     96     95      1
      97     96     94      1
      98     96     97      1
      92     93     95      1
      91     93     92      1
      94     93     91      1
      95     93     94      1
      89     90     92      1
      88     90     89      1
      91     90     88      1
      92     90     91      1
      86     87     89      1
      85     87     86      1
      88     87     85      1
      89     87     88      1
      83     84     86      1
      82     84     83      1
      85     84     82      1
      86     84     85      1
      80     81     83      1
      79     81     80      1
      82     81     79      1
      83     81     82      1
      77     78     80      1
      76     78     77      1
      79     78     76      1
      80     78     79      1
      74     75     77      1
      73     75     74      1
      76     75     73      1
      77     75     76      1
      71     72     74      1
      70     72     71      1
      73     72     70      1
      74     72     73      1
      68     69     71      1
      67     69     68      1
      70     69     67      1
      71     69     70      1
      65     66     68      1
      64     66     65      1
      67     66     64      1
      68     66     67      1
      62     63     65      1
      61     63     62      1
      64     63     61      1
      65     63     64      1
      59     60     62      1
      58     60     59      1
      61     60     58      1
      62     60     61      1
      56     57     59      1
      55     57     56      1
      58     57     55      1
      59     57     58      1
      53     54     56      1
      52     54     53      1
      55     54     52      1
      56     54     55      1
      50     51     53      1
      49     51     50      1
      52     51     49      1
      53     51     52      1
      47     48     50      1
      46     48     47      1
      49     48     46      1
      50     48     49      1
      44     45     47      1
      43     45     44      1
      46     45     43      1
      47     45     46      1
      41     42     44      1
      40     42     41      1
      43     42     40      1
      44     42     43      1
      38     39     41      1
      37     39     38      1
      40     39     37      1
      41     39     40      1
      35     36     38      1
      34     36     35      1
      37     36     34      1
      38     36     37      1
      32     33     35      1
      31     33     32      1
      34     33     31      1
      35     33     34      1
      29     30     32      1
      28     30     29      1
      31     30     28      1
      32     30     31      1
      26     27     29      1
      25     27     26      1
      28     27     25      1
      29     27     28      1
      23     24     26      1
      22     24     23      1
      25     24     22      1
      26     24     25      1
      20     21     23      1
      19     21     20      1
      22     21     19      1
      23     21     22      1
      17     18     20      1
      16     18     17      1
      19     18     16      1
      20     18     19      1
      14     15     17      1
      13     15     14      1
      16     15     13      1
      17     15     16      1
      11     12     14      1
      10     12     11      1
      13     12     10      1
      14     12     13      1
       8      9     11      1
       7      9      8      1
      10      9      7      1
      11      9     10      1
       5      6      8      1
       3      6      5      1
       7      6      3      1
       8      6      7      1
       4      2      5      1
       1      2      4      1
       3      2      1      1
       5      2      3      1
