    1374
     757    755    737      1
     268    280    270      1
     449    434    429      1
     527    516    509      1
     674    679    653      1
      25     22     24      1
     210    191    188      1
     686    678    664      1
     501    517    492      1
      58     68     65      1
     753    756    734      1
     391    404    381      1
     731    727    708      1
     331    311    310      1
       7      9     10      1
     724    728    707      1
     600    614    590      1
     620    613    598      1
     100     88     94      1
     152    164    156      1
     769    771    747      1
     749    744    729      1
     392    373    369      1
     332    343    326      1
       6      2      5      1
     478    462    455      1
     701    706    683      1
     151    137    141      1
     655    645    637      1
     555    569    541      1
     762    764    742      1
      99    114    103      1
     711    705    693      1
     267    249    246      1
     448    463    440      1
     739    745    726      1
      26     36     30      1
     642    646    623      1
      57     50     52      1
     579    568    557      1
     765    763    743      1
     211    220    209      1
     754    752    733      1
     301    312    298      1
     420    405    402      1
     687    696    675      1
      15      8     13      1
     500    489    481      1
     528    542    521      1
     673    666    647      1
     179    163    165      1
     758    760    741      1
      77     89     83      1
     300    281    278      1
     419    433    413      1
     723    720    702      1
      16     23     19      1
     732    736    715      1
      76     67     71      1
     621    631    606      1
     599    592    576      1
     770    767    746      1
     180    192    183      1
     738    735    722      1
     361    374    353      1
     360    342    339      1
       1      3      4      1
     712    721    698      1
     578    593    570      1
     641    630    619      1
     122    113    116      1
     766    768    748      1
     123    138    128      1
     479    490    466      1
     700    695    676      1
     239    219    215      1
      42     51     46      1
     750    751    730      1
     554    543    534      1
      41     35     38      1
     654    667    638      1
     240    250    237      1
     761    759    740      1
     755    754    733      1
     280    301    270      1
     434    420    402      1
     516    500    509      1
      22     15     13      1
     679    687    675      1
     517    528    521      1
     678    673    664      1
     191    179    188      1
      68     77     65      1
     756    758    741      1
     404    419    413      1
     727    723    708      1
     311    300    278      1
       9     16     10      1
     728    732    707      1
     614    621    590      1
      88     76     71      1
     613    599    598      1
     164    180    156      1
     771    770    747      1
     744    738    729      1
     373    360    369      1
     343    361    353      1
       2      1      5      1
     462    449    429      1
     706    712    683      1
     645    619    637      1
     569    578    570      1
     137    122    116      1
     114    123    128      1
     764    766    748      1
     463    479    466      1
     249    239    246      1
     705    700    693      1
     745    750    726      1
      36     46     30      1
     646    654    638      1
     568    554    534      1
      50     41     52      1
     220    237    209      1
     763    761    743      1
     312    332    298      1
     405    392    369      1
     752    749    729      1
     696    701    675      1
     489    478    455      1
       8      6     13      1
     163    151    141      1
     666    637    647      1
     542    555    521      1
      89     99     83      1
     760    762    741      1
     433    448    413      1
     720    693    702      1
     281    267    278      1
     736    739    726      1
      23     26     19      1
     592    579    557      1
      67     57     71      1
     631    642    623      1
     767    765    746      1
     192    211    183      1
     735    731    722      1
     374    391    381      1
     342    331    310      1
     721    724    707      1
       3      7      4      1
     593    600    570      1
     630    620    598      1
     113    100     94      1
     768    769    748      1
     138    152    128      1
     219    210    215      1
     490    501    466      1
     695    686    676      1
     751    753    730      1
      51     58     46      1
      35     25     24      1
     543    509    534      1
     667    674    653      1
     759    757    740      1
     250    268    237      1
     353    374    381      1
     737    755    733      1
     638    667    653      1
     492    517    521      1
     653    679    675      1
      46     58     65      1
     402    405    369      1
     576    592    557      1
     429    434    402      1
     440    463    466      1
      94     88     71      1
     165    163    141      1
     733    752    729      1
     734    756    741      1
     116    113     94      1
     369    360    339      1
     742    764    748      1
     339    342    310      1
     455    462    429      1
     715    736    726      1
     623    646    638      1
     619    630    598      1
      24     22     13      1
     310    311    278      1
     541    569    570      1
     698    721    707      1
     381    404    413      1
     141    137    116      1
     606    631    623      1
     664    673    647      1
     557    568    534      1
     326    343    353      1
     481    489    455      1
      38     35     24      1
     103    114    128      1
     757    737    740      1
     711    693    720      1
     600    590    570      1
     765    743    746      1
     501    492    466      1
       6      5     13      1
      16     19     10      1
      26     30     19      1
      77     83     65      1
     769    747    748      1
     731    708    722      1
      42     46     36      1
     655    637    666      1
     599    576    598      1
       1      4      5      1
     448    440    413      1
     179    165    188      1
     761    740    743      1
     700    676    693      1
     753    734    730      1
     701    683    675      1
     210    188    215      1
      57     52     71      1
       7     10      4      1
     180    183    156      1
     762    742    741      1
     267    246    278      1
     268    270    237      1
     240    237    220      1
     211    209    183      1
     732    715    707      1
     641    619    645      1
     750    730    726      1
     770    746    747      1
     555    541    521      1
     527    509    543      1
     712    698    683      1
     152    156    128      1
     301    298    270      1
     239    215    246      1
     621    606    590      1
     686    664    676      1
     723    702    708      1
     332    326    298      1
     500    481    509      1
      41     38     52      1
     738    722    729      1
      99    103     83      1
     353    381    354      1
     481    455    443      1
     183    209    185      1
     742    748    717      1
      52     38     48      1
     598    576    562      1
     128    156    134      1
     429    402    394      1
      13      5     14      1
     215    188    195      1
     541    570    536      1
     653    675    643      1
     702    693    670      1
     747    746    725      1
     743    740    716      1
     623    638    609      1
     748    747    719      1
     676    664    648      1
     733    729    704      1
     606    623    591      1
     741    742    713      1
     637    619    597      1
     103    128    112      1
     638    653    612      1
      83    103     90      1
     413    440    406      1
     455    429    426      1
      94     71     80      1
     246    215    226      1
      19     30     27      1
     381    413    379      1
       4     10     12      1
     746    743    718      1
     534    509    498      1
     402    369    366      1
     730    734    692      1
      24     13     21      1
     298    326    296      1
      30     46     39      1
     116     94     97      1
     237    270    242      1
     557    534    518      1
      38     24     32      1
     737    733    714      1
     707    715    681      1
     729    722    699      1
       5      4     11      1
     339    310    308      1
      10     19     17      1
     270    298    266      1
     440    466    424      1
     698    707    680      1
      71     52     63      1
      46     65     54      1
     521    541    504      1
     570    590    551      1
     619    598    587      1
     693    676    657      1
     722    708    694      1
     708    702    677      1
     734    741    709      1
     664    647    632      1
     278    246    251      1
     740    737    710      1
     492    521    484      1
     726    730    703      1
     188    165    168      1
     715    726    690      1
     590    606    573      1
     165    141    146      1
      65     83     69      1
     156    183    160      1
     141    116    119      1
     576    557    538      1
     466    492    461      1
     683    698    665      1
     310    278    277      1
     675    683    651      1
     509    481    468      1
     369    339    336      1
     647    637    615      1
     326    353    324      1
     209    237    214      1
     718    743    716      1
     718    716    689      1
     689    716    688      1
     718    689    697      1
     484    521    504      1
     484    504    471      1
     484    471    445      1
     471    504    505      1
     354    381    379      1
     354    379    348      1
     348    379    382      1
     354    348    318      1
     719    747    725      1
     719    725    697      1
     697    725    718      1
     718    725    746      1
      17     19     27      1
      17     27     29      1
      29     27     40      1
      17     29     18      1
     615    637    597      1
     615    597    581      1
     615    581    604      1
     581    597    561      1
      14      5     11      1
      14     11     20      1
      14     20     28      1
      20     11     18      1
     242    270    266      1
     242    266    243      1
     243    266    279      1
     242    243    207      1
     119    116     97      1
     119     97    111      1
     111     97     82      1
     119    111    140      1
      90    103    112      1
      90    112     98      1
      90     98     75      1
      98    112    132      1
     587    598    562      1
     587    562    561      1
     587    561    597      1
     587    597    619      1
     573    606    591      1
     573    591    553      1
     553    591    577      1
     573    553    533      1
      21     13     14      1
      21     14     28      1
      21     28     32      1
      21     32     24      1
      48     38     32      1
      48     32     44      1
      48     44     60      1
      44     32     28      1
     713    742    717      1
     713    717    685      1
     685    717    691      1
     713    685    684      1
      63     52     48      1
      63     48     60      1
      63     60     82      1
     277    278    251      1
     277    251    254      1
     254    251    217      1
     277    254    297      1
     670    693    657      1
     670    657    636      1
     636    657    624      1
     670    636    650      1
     681    715    690      1
     681    690    661      1
     661    690    672      1
     681    661    649      1
     226    215    195      1
     226    195    217      1
     226    217    251      1
     226    251    246      1
     709    741    713      1
     709    713    684      1
     709    684    692      1
     709    692    734      1
     168    165    146      1
     168    146    140      1
     140    146    119      1
     119    146    141      1
     366    369    336      1
     366    336    334      1
     334    336    297      1
     366    334    368      1
     185    209    214      1
     185    214    207      1
     207    214    242      1
     242    214    237      1
     424    466    461      1
     424    461    445      1
     445    461    484      1
     484    461    492      1
     704    729    699      1
     704    699    671      1
     704    671    682      1
     671    699    668      1
     536    570    551      1
     536    551    505      1
     536    505    504      1
     536    504    541      1
     694    708    677      1
     694    677    668      1
     694    668    699      1
     694    699    722      1
     426    429    394      1
     426    394    403      1
     368    394    366      1
     366    394    402      1
     134    156    160      1
     134    160    132      1
     134    132    112      1
     134    112    128      1
      39     46     54      1
      39     54     40      1
      39     40     27      1
      39     27     30      1
      69     83     90      1
      69     90     75      1
      69     75     54      1
      69     54     65      1
      11      4     12      1
      11     12     18      1
      18     12     17      1
      17     12     10      1
     468    481    443      1
     468    443    438      1
     438    443    403      1
     468    438    476      1
     716    740    710      1
     716    710    688      1
     688    710    682      1
     379    413    406      1
     379    406    382      1
     382    406    424      1
     424    406    440      1
     498    509    468      1
     498    468    476      1
     498    476    518      1
     498    518    534      1
     443    455    426      1
     443    426    403      1
     403    394    368      1
     703    730    692      1
     703    692    672      1
     703    672    690      1
     703    690    726      1
     324    353    354      1
     324    354    318      1
     324    318    279      1
     648    664    632      1
     648    632    624      1
     648    624    657      1
     648    657    676      1
     266    298    296      1
     266    296    279      1
     279    296    324      1
     324    296    326      1
     538    557    518      1
     538    518    502      1
     502    518    476      1
     538    502    530      1
     195    188    168      1
     195    168    178      1
     195    178    217      1
     178    168    140      1
     562    576    538      1
     562    538    530      1
     562    530    561      1
     651    683    665      1
     651    665    629      1
     629    665    649      1
     651    629    618      1
     632    647    615      1
     632    615    604      1
     632    604    624      1
     717    748    719      1
     717    719    691      1
     691    719    697      1
     591    623    609      1
     591    609    577      1
     577    609    612      1
     612    609    638      1
     680    707    681      1
     680    681    649      1
     680    649    665      1
     680    665    698      1
     714    733    704      1
     714    704    682      1
     714    682    710      1
     714    710    737      1
     643    675    651      1
     643    651    618      1
     643    618    612      1
     643    612    653      1
     677    702    670      1
     677    670    650      1
     677    650    668      1
      80     71     63      1
      80     63     82      1
      80     82     97      1
      80     97     94      1
     160    183    185      1
     160    185    166      1
     160    166    132      1
     166    185    207      1
     551    590    573      1
     551    573    533      1
     551    533    505      1
     336    339    308      1
     336    308    297      1
     297    308    277      1
     277    308    310      1
     530    502    495      1
      98    132    115      1
     682    671    644      1
     618    629    596      1
     445    471    435      1
     671    668    640      1
     368    334    338      1
      29     40     43      1
      60     44     59      1
     533    553    514      1
     697    689    663      1
     581    561    544      1
     649    661    625      1
     297    254    265      1
     111     82     96      1
     318    348    317      1
     476    438    430      1
     243    279    247      1
     685    691    662      1
     650    636    616      1
     553    577    539      1
     689    688    659      1
     661    672    639      1
     254    217    231      1
     348    382    352      1
     636    624    601      1
      18     29     34      1
      75     98     91      1
     471    505    465      1
      28     20     33      1
     140    111    125      1
     207    243    216      1
     684    685    658      1
     438    403    401      1
     604    581    566      1
     495    502    467      1
     430    438    401      1
     658    685    662      1
     352    382    387      1
      59     44     47      1
     539    577    567      1
     435    471    465      1
     465    505    493      1
     625    661    639      1
     644    671    640      1
     566    581    544      1
     662    691    669      1
     663    689    659      1
      34     29     43      1
     338    334    305      1
     125    111     96      1
      96     82     74      1
     639    672    652      1
     247    279    284      1
     401    403    371      1
     115    132    139      1
     514    553    539      1
     601    624    589      1
     659    688    660      1
     265    254    231      1
     640    668    633      1
      33     20     31      1
     616    636    601      1
     544    561    523      1
     596    629    610      1
      91     98    115      1
     231    217    198      1
     216    243    247      1
      43     40     55      1
     317    348    352      1
     530    495    523      1
     476    430    467      1
     684    658    656      1
      60     59     74      1
     445    435    408      1
     649    625    610      1
     682    644    660      1
     604    566    589      1
     697    663    669      1
      18     34     31      1
     368    338    371      1
     140    125    154      1
     533    514    493      1
     297    265    305      1
      28     33     47      1
     650    616    633      1
     618    596    583      1
      75     91     70      1
     207    216    187      1
     318    317    284      1
     467    502    476      1
     652    672    692      1
     523    561    530      1
      70     91     85      1
     493    505    533      1
     589    624    604      1
     656    658    626      1
     198    217    178      1
     371    403    368      1
      47     44     28      1
     633    668    650      1
     305    334    297      1
     154    125    142      1
     610    629    649      1
     284    279    318      1
     187    216    193      1
     387    382    424      1
     660    688    682      1
     408    435    398      1
     669    691    697      1
     567    577    612      1
      55     40     54      1
     139    132    166      1
      31     20     18      1
      74     82     60      1
     583    596    559      1
     495    467    458      1
     639    652    617      1
     544    523    503      1
      75     70     54      1
     465    493    460      1
     601    589    565      1
     684    656    692      1
     231    198    206      1
     401    371    367      1
      59     47     64      1
     640    633    607      1
     338    305    307      1
     140    154    178      1
     596    610    575      1
     247    284    264      1
     207    187    166      1
     352    387    357      1
     659    660    628      1
     445    408    424      1
     662    669    635      1
     539    567    529      1
      43     55     61      1
     115    139    133      1
      96     74     92      1
     618    583    612      1
      33     31     45      1
     575    610    588      1
      92     74     59      1
     503    523    495      1
      85     91    108      1
     588    610    625      1
     108     91    115      1
      85    108    102      1
     102    108    124      1
      85    102     78      1
     102    124    120      1
      85     78     61      1
      78    102    101      1
     124    108    133      1
      78    101     81      1
     120    124    147      1
     101    102    120      1
     147    124    153      1
      81    101    104      1
      78     81     61      1
     147    153    171      1
     153    124    133      1
     104    101    121      1
     147    171    167      1
     171    153    181      1
     104    121    129      1
     121    101    120      1
     167    171    196      1
     181    153    159      1
     129    121    148      1
     148    121    145      1
     167    196    194      1
     196    171    200      1
     159    153    133      1
     159    133    139      1
     200    171    181      1
     194    196    223      1
     145    121    120      1
     194    223    224      1
     223    196    227      1
     224    223    252      1
     227    196    200      1
     252    223    253      1
     253    223    227      1
     253    227    259      1
     259    227    234      1
     259    234    264      1
     227    200    234      1
     234    200    193      1
     200    181    193      1
     193    181    159      1
     145    120    147      1
     145    147    167      1
     145    167    169      1
     145    169    148      1
     169    167    194      1
     169    194    197      1
     197    194    224      1
     197    224    228      1
     197    228    204      1
     228    224    255      1
     255    224    252      1
     255    252    283      1
     283    252    282      1
     204    228    235      1
     282    252    253      1
     282    253    285      1
     285    253    259      1
     169    197    175      1
     235    228    262      1
     169    175    148      1
     175    197    204      1
     175    204    182      1
     182    204    212      1
     175    182    155      1
     155    182    161      1
     212    204    235      1
     155    161    135      1
     262    228    255      1
     135    161    143      1
     155    135    129      1
     129    135    109      1
     109    135    117      1
     117    135    143      1
     117    143    131      1
     117    131    106      1
     131    143    158      1
     158    143    170      1
     106    131    118      1
     118    131    144      1
     170    143    161      1
     170    161    189      1
     189    161    182      1
     170    189    203      1
     203    189    221      1
     170    203    186      1
     221    189    212      1
     212    189    182      1
     186    203    218      1
     144    131    158      1
     218    203    236      1
     218    236    248      1
     236    203    221      1
     248    236    272      1
     272    236    256      1
     248    272    286      1
     286    272    304      1
     256    236    221      1
     304    272    290      1
     290    272    256      1
     290    256    275      1
     275    256    244      1
     244    256    221      1
     244    221    212      1
     244    212    235      1
     144    158    172      1
     172    158    186      1
     186    158    170      1
     144    172    162      1
     162    172    190      1
     190    172    205      1
     190    205    222      1
     222    205    238      1
     238    205    218      1
     218    205    186      1
     205    172    186      1
     144    162    136      1
     144    136    118      1
     136    162    157      1
     136    157    130      1
     130    157    150      1
     150    157    177      1
     177    157    184      1
     184    157    162      1
     184    162    190      1
     184    190    213      1
     213    190    222      1
     213    222    245      1
     245    222    257      1
     245    257    276      1
     257    222    238      1
     276    257    293      1
     293    257    273      1
     276    293    313      1
     313    293    329      1
     273    257    238      1
     273    238    248      1
     248    238    218      1
     329    293    306      1
     329    306    341      1
     306    293    273      1
     341    306    323      1
     323    306    286      1
     286    306    273      1
     286    273    248      1
     118    136    110      1
     110    136    130      1
     118    110     95      1
      95    110     87      1
      95     87     73      1
      73     87     56      1
      87    110    107      1
      87    107     84      1
      84    107    105      1
     105    107    126      1
     126    107    130      1
     107    110    130      1
     341    323    359      1
     359    323    340      1
     341    359    377      1
     340    323    304      1
     304    323    286      1
     377    359    395      1
     359    340    376      1
     376    340    362      1
     359    376    395      1
     362    340    328      1
     362    328    347      1
     328    340    304      1
     347    328    309      1
     309    328    290      1
     290    328    304      1
     347    309    335      1
     335    309    302      1
     302    309    275      1
     275    309    290      1
     335    302    330      1
     330    302    294      1
     294    302    269      1
     330    294    322      1
     269    302    275      1
     322    294    287      1
     287    294    262      1
     262    294    269      1
     262    269    235      1
     235    269    244      1
     322    287    316      1
     316    287    283      1
     316    283    314      1
     283    287    255      1
     255    287    262      1
     314    283    282      1
     314    282    315      1
     316    314    345      1
     345    314    344      1
     316    345    349      1
     344    314    315      1
     349    345    380      1
     380    345    375      1
     349    380    385      1
     375    345    344      1
     385    380    412      1
     412    380    410      1
     385    412    418      1
     418    412    447      1
     385    418    390      1
     410    380    375      1
     447    412    442      1
     390    418    425      1
     425    418    453      1
     447    442    480      1
     442    412    410      1
     453    418    447      1
     480    442    477      1
     477    442    441      1
     480    477    529      1
     441    442    410      1
     395    376    415      1
     415    376    397      1
     415    397    436      1
     436    397    422      1
     422    397    386      1
     386    397    362      1
     397    376    362      1
     395    415    431      1
     431    415    451      1
     451    415    436      1
     431    451    470      1
     431    470    452      1
     452    470    488      1
     488    470    508      1
     508    470    487      1
     487    470    451      1
     487    451    473      1
     473    451    436      1
     487    473    511      1
     487    511    525      1
     511    473    494      1
     525    511    549      1
     494    473    456      1
     549    511    531      1
     531    511    494      1
     456    473    436      1
     456    436    422      1
     456    422    444      1
     444    422    407      1
     444    407    432      1
     407    422    386      1
     432    407    396      1
     432    396    425      1
     396    407    370      1
     370    407    386      1
     395    431    416      1
     416    431    452      1
     416    452    439      1
     439    452    474      1
     474    452    488      1
     395    416    377      1
     377    416    399      1
     399    416    439      1
     399    439    423      1
     423    439    457      1
     423    457    446      1
     446    457    485      1
     485    457    496      1
     496    457    474      1
     457    439    474      1
     441    410    409      1
     409    410    375      1
     441    409    460      1
     425    396    390      1
     390    396    363      1
     390    363    356      1
     363    396    370      1
     363    370    335      1
     356    363    330      1
     335    370    347      1
     347    370    386      1
     347    386    362      1
     330    363    335      1
     409    375    378      1
     378    375    344      1
     378    344    346      1
     346    344    315      1
     346    315    320      1
     320    315    285      1
     320    285    292      1
     285    315    282      1
     320    292    327      1
     292    285    259      1
     292    259    264      1
     341    377    364      1
     341    364    329      1
     364    377    399      1
     364    399    388      1
     388    399    423      1
     364    388    350      1
     350    388    372      1
     372    388    411      1
     411    388    423      1
     411    423    446      1
     411    446    437      1
     437    446    472      1
     472    446    485      1
     411    437    400      1
     400    437    428      1
     400    428    393      1
     393    428    421      1
     421    428    454      1
     454    428    464      1
     464    428    437      1
     464    437    472      1
     464    472    499      1
     499    472    510      1
     499    510    537      1
     510    472    485      1
     510    485    520      1
     510    520    546      1
     520    485    496      1
     537    510    546      1
     537    546    565      1
     537    565    540      1
     537    540    499      1
     540    565    589      1
     546    520    558      1
     546    558    582      1
     558    520    535      1
     546    582    565      1
     582    558    607      1
     535    520    496      1
     535    496    512      1
     512    496    474      1
     535    512    550      1
     550    512    526      1
     526    512    488      1
     512    474    488      1
     526    488    508      1
     526    508    547      1
     526    547    564      1
     564    547    584      1
     584    547    563      1
     563    547    525      1
     584    563    602      1
     602    563    585      1
     585    563    549      1
     549    563    525      1
     525    547    508      1
     525    508    487      1
     329    364    350      1
     329    350    313      1
     313    350    337      1
     313    337    303      1
     303    337    333      1
     333    337    365      1
     365    337    372      1
     303    333    295      1
     295    333    325      1
     325    333    358      1
     358    333    365      1
     358    365    393      1
     365    372    400      1
     400    372    411      1
     393    365    400      1
     372    337    350      1
     494    456    483      1
     483    456    444      1
     483    444    469      1
     469    444    432      1
     469    432    459      1
     469    459    497      1
     459    432    425      1
     497    459    486      1
     486    459    453      1
     497    486    522      1
     494    483    519      1
     494    519    531      1
     522    486    515      1
     519    483    506      1
     522    515    552      1
     552    515    548      1
     548    515    513      1
     506    483    469      1
     513    515    482      1
     513    482    480      1
     482    515    486      1
     531    519    556      1
     531    556    572      1
     572    556    594      1
     594    556    580      1
     580    556    545      1
     545    556    519      1
     545    519    506      1
     545    506    532      1
     532    506    497      1
     497    506    469      1
     545    532    571      1
     571    532    560      1
     571    560    595      1
     560    532    522      1
     522    532    497      1
     595    560    588      1
     453    459    425      1
     480    482    447      1
     447    482    453      1
     453    482    486      1
     548    513    559      1
     548    559    575      1
     548    575    552      1
     552    575    588      1
     454    464    491      1
     491    464    499      1
     491    499    540      1
     454    491    503      1
     150    177    173      1
     173    177    201      1
     201    177    208      1
     208    177    184      1
     208    184    213      1
     208    213    241      1
     241    213    245      1
     241    245    271      1
     271    245    276      1
     271    276    303      1
     201    208    232      1
     232    208    241      1
     201    232    229      1
     201    229    199      1
     199    229    230      1
     230    229    258      1
     258    229    260      1
     260    229    232      1
     260    232    263      1
     263    232    241      1
     260    263    291      1
     291    263    295      1
     295    263    271      1
     271    263    241      1
     260    291    288      1
     288    291    321      1
     288    321    319      1
     321    291    325      1
     325    291    295      1
     319    321    351      1
     351    321    355      1
     355    321    325      1
     319    351    367      1
     150    173    149      1
     149    173    174      1
     149    174    142      1
     174    173    199      1
     174    199    202      1
     202    199    230      1
     202    230    233      1
     233    230    261      1
     199    173    201      1
     261    230    258      1
     261    258    289      1
     289    258    288      1
     289    288    319      1
     289    319    307      1
     288    258    260      1
     150    149    126      1
     303    276    313      1
     150    126    130      1
     126    149    127      1
     126    127    105      1
     127    149    142      1
     105    127     92      1
     105     92     84      1
     233    274    265      1
     148    175    155      1
     148    155    129      1
     398    435    427      1
     398    427    378      1
     427    435    465      1
     635    669    663      1
     535    550    574      1
     535    574    558      1
     574    550    586      1
     574    586    608      1
     574    608    607      1
     607    608    640      1
     608    586    622      1
     622    586    603      1
     622    603    628      1
     628    603    611      1
     611    603    584      1
     611    584    602      1
     611    602    634      1
     628    611    659      1
     611    634    659      1
     634    602    635      1
     608    622    644      1
     644    622    660      1
     558    574    607      1
     584    603    564      1
     564    603    586      1
     564    586    550      1
     564    550    526      1
     118     95    106      1
     106     95     79      1
     106     79     93      1
      93     79     72      1
      93     72     86      1
      86     72     66      1
      86     66     81      1
      72     79     62      1
      62     79     73      1
      79     95     73      1
      81     66     61      1
      66     72     53      1
      66     53     49      1
      66     49     61      1
      49     53     37      1
      37     53     45      1
      49     37     34      1
      34     37     31      1
      31     37     45      1
      49     34     43      1
      53     72     62      1
      53     62     45      1
      45     62     56      1
      56     62     73      1
      56     87     64      1
      45     56     33      1
     106     93    117      1
     117     93    109      1
     109     93     86      1
     109     86    104      1
     104     86     81      1
     109    104    129      1
     367    371    338      1
     316    349    322      1
     322    349    356      1
     356    349    385      1
     356    385    390      1
     322    356    330      1
     585    549    572      1
     585    572    605      1
     605    572    594      1
     585    605    635      1
     605    594    627      1
     572    549    531      1
     142    125    127      1
     357    387    398      1
     351    355    384      1
     351    384    383      1
     383    384    414      1
     384    355    389      1
     384    389    417      1
     417    389    421      1
     421    389    393      1
     393    389    358      1
     358    389    355      1
     358    355    325      1
     351    383    367      1
     367    383    401      1
     383    414    430      1
     417    421    450      1
     417    450    458      1
     458    450    503      1
     450    421    454      1
     450    454    503      1
     414    384    417      1
     414    417    458      1
     458    467    414      1
      61     55     85      1
     607    633    582      1
     594    580    626      1
     264    284    299      1
     626    658    627      1
     626    627    594      1
     605    627    635      1
     627    658    662      1
     460    493    514      1
     271    303    295      1
     202    233    206      1
     202    206    176      1
     206    233    231      1
     202    176    174      1
     174    176    142      1
     176    206    198      1
     529    567    559      1
     559    596    575      1
      64     47     56      1
     628    660    622      1
     193    216    225      1
     225    216    247      1
     193    225    234      1
     234    225    264      1
     545    571    580      1
     580    571    617      1
     522    552    560      1
     560    552    588      1
     617    652    626      1
     275    244    269      1
     307    305    274      1
     274    305    265      1
     307    274    289      1
      70     85     55      1
      70     55     54      1
     477    441    475      1
     477    475    507      1
     475    441    460      1
     507    475    514      1
     477    507    529      1
     529    507    539      1
     539    507    514      1
      96     92    127      1
     544    503    524      1
     524    503    491      1
     524    491    540      1
     524    540    566      1
     544    524    566      1
     408    398    387      1
     408    387    424      1
     662    635    627      1
     571    595    617      1
     409    378    427      1
     346    320    357      1
     513    480    529      1
     154    142    176      1
     352    357    327      1
     327    357    320      1
     327    292    299      1
     327    299    352      1
     299    292    264      1
     261    289    274      1
     261    274    233      1
     601    565    582      1
     495    458    503      1
      43     61     49      1
     247    264    225      1
     656    626    652      1
     656    652    692      1
     378    346    398      1
     465    460    427      1
     583    559    567      1
     583    567    612      1
      59     64     92      1
     187    193    159      1
     602    585    635      1
     639    617    595      1
     115    133    108      1
      87     84     64      1
     338    307    367      1
     566    540    589      1
     475    460    514      1
     633    616    582      1
      64     84     92      1
     640    608    644      1
     582    616    601      1
     299    284    317      1
     299    317    352      1
     125     96    127      1
     430    401    383      1
     265    231    233      1
     663    659    634      1
     663    634    635      1
     625    639    595      1
     198    178    154      1
     166    187    159      1
     139    166    159      1
     427    460    409      1
     588    625    595      1
     559    513    529      1
     430    414    467      1
      47     33     56      1
     580    617    626      1
     357    398    346      1
     176    198    154      1
     307    319    367      1
