         138
   7.414214000000000E-001   3.585786000000000E-001
   7.263884000000001E-001   3.449969000000000E-001
   7.550031000000000E-001   3.736116000000000E-001
   7.286839000000001E-001   3.837384000000000E-001
   7.026464000000000E-001   3.602144000000000E-001
   7.100585000000000E-001   3.330056000000000E-001
   7.669944000000000E-001   3.899415000000000E-001
   7.494530000000000E-001   4.120221000000000E-001
   6.925993000000000E-001   3.227280000000000E-001
   7.772720000000000E-001   4.074007000000000E-001
   7.111468000000000E-001   4.183835000000000E-001
   6.724066000000000E-001   3.424132000000000E-001
   6.699533000000000E-001   3.811665000000000E-001
   6.741899000000000E-001   3.142694000000000E-001
   7.857306000000000E-001   4.258101000000000E-001
   7.641035000000001E-001   4.439077000000000E-001
   6.697919000000000E-001   4.223077000000000E-001
   6.550192000000000E-001   3.077167000000000E-001
   7.922833000000000E-001   4.449808000000000E-001
   6.392024000000000E-001   3.310637000000000E-001
   7.343252000000000E-001   4.688292000000000E-001
   6.324831000000000E-001   4.049675000000000E-001
   7.968630000000000E-001   4.647160000000000E-001
   6.352840000000000E-001   3.031370000000000E-001
   7.720356000000000E-001   4.780897000000000E-001
   6.174214000000000E-001   3.632105000000000E-001
   6.727202000000000E-001   4.622728000000000E-001
   6.365371000000000E-001   4.450514000000000E-001
   6.151866000000000E-001   3.005774000000000E-001
   7.994226000000000E-001   4.848134000000000E-001
   6.043933000000000E-001   3.266304000000000E-001
   5.949797000000000E-001   3.921605000000000E-001
   5.949335000000000E-001   3.000642000000000E-001
   7.999358000000000E-001   5.050665000000000E-001
   7.729245000000000E-001   5.131687000000000E-001
   6.758532000000000E-001   5.021545000000000E-001
   5.994576000000000E-001   4.318888000000000E-001
   6.397414000000000E-001   4.849410000000000E-001
   7.357315000000000E-001   5.243273000000001E-001
   5.694044000000000E-001   3.292949000000000E-001
   5.747323000000000E-001   3.016026000000000E-001
   7.983974000000000E-001   5.252677000000000E-001
   6.029441000000000E-001   4.714114000000000E-001
   5.628545000000000E-001   4.159588000000000E-001
   7.667339000000000E-001   5.477086000000000E-001
   6.428917000000000E-001   5.248179000000000E-001
   6.789990000000000E-001   5.420309000000000E-001
   7.948232000000000E-001   5.452096000000000E-001
   5.547904000000000E-001   3.051768000000000E-001
   6.124053000000000E-001   5.094584000000000E-001
   5.676389000000000E-001   4.555903000000000E-001
   5.361553000000000E-001   3.777759000000000E-001
   5.356680000000000E-001   3.389481000000000E-001
   5.353124000000000E-001   3.107501000000000E-001
   7.892499000000000E-001   5.646876000000000E-001
   5.763284000000000E-001   4.932899000000000E-001
   7.151380000000001E-001   5.758823000000000E-001
   7.537172000000000E-001   5.802953000000000E-001
   5.308554000000000E-001   4.399264000000000E-001
   6.460386000000000E-001   5.646940000000000E-001
   5.164982000000000E-001   3.182654000000000E-001
   7.817346000000000E-001   5.835018000000000E-001
   6.099315000000000E-001   5.474813000000000E-001
   6.821456000000000E-001   5.819069000000000E-001
   5.819948000000000E-001   5.324161000000000E-001
   5.045654000000001E-001   3.551948000000000E-001
   5.299729000000000E-001   4.752631000000000E-001
   7.723544000000000E-001   6.014592000000000E-001
   4.985408000000000E-001   3.276456000000000E-001
   7.344073000000000E-001   6.095947000000000E-001
   4.931297000000000E-001   4.128587000000000E-001
   7.612057000000000E-001   6.183754000000000E-001
   4.816246000000000E-001   3.387943000000000E-001
   6.130784000000000E-001   5.873573000000000E-001
   5.299128000000000E-001   5.152055000000000E-001
   4.773699000000000E-001   3.773698000000000E-001
   6.758823000000001E-001   6.151380000000000E-001
   5.769713000000000E-001   5.701446000000000E-001
   5.502426000000000E-001   5.534035000000001E-001
   4.659230000000000E-001   3.515973000000000E-001
   7.484027000000000E-001   6.340770000000000E-001
   7.095947000000000E-001   6.344073000000000E-001
   4.954517000000000E-001   4.953552000000000E-001
   4.551948000000000E-001   4.045654000000000E-001
   4.515973000000000E-001   3.659230000000000E-001
   7.340770000000000E-001   6.484027000000000E-001
   4.674260000000000E-001   4.620658000000000E-001
   5.801182000000000E-001   6.100206000000000E-001
   6.243273000000000E-001   6.357315000000000E-001
   6.802953000000001E-001   6.537172000000000E-001
   4.950948000000000E-001   5.344229000000000E-001
   4.387943000000000E-001   3.816246000000000E-001
   7.183754000000000E-001   6.612057000000000E-001
   5.440111000000000E-001   5.928079000000001E-001
   5.131354000000000E-001   5.680524000000000E-001
   4.389481000000000E-001   4.356680000000000E-001
   4.276456000000000E-001   3.985408000000000E-001
   7.014592000000000E-001   6.723544000000000E-001
   4.632105000000000E-001   5.174214000000000E-001
   6.477086000000000E-001   6.667339000000000E-001
   4.182654000000000E-001   4.164982000000000E-001
   6.835018000000001E-001   6.817346000000000E-001
   4.292949000000000E-001   4.694044000000000E-001
   5.424278000000000E-001   6.253009000000001E-001
   4.811665000000000E-001   5.699533000000000E-001
   4.107501000000000E-001   4.353124000000000E-001
   6.646876000000001E-001   6.892499000000000E-001
   6.131687000000000E-001   6.729245000000000E-001
   5.086195000000000E-001   6.073685000000000E-001
   4.266304000000000E-001   5.043933000000000E-001
   4.051768000000000E-001   4.547904000000000E-001
   6.452096000000001E-001   6.948232000000000E-001
   5.780897000000000E-001   6.720356000000000E-001
   4.016026000000000E-001   4.747323000000000E-001
   6.252677000000000E-001   6.983974000000000E-001
   4.239475000000000E-001   5.332852000000000E-001
   5.439077000000000E-001   6.641035000000000E-001
   4.000642000000000E-001   4.949335000000000E-001
   6.050665000000000E-001   6.999358000000000E-001
   4.424132000000000E-001   5.724066000000000E-001
   5.120221000000000E-001   6.494530000000000E-001
   4.602144000000000E-001   6.026464000000000E-001
   4.837384000000000E-001   6.286839000000000E-001
   4.005774000000000E-001   5.151866000000001E-001
   5.848134000000000E-001   6.994226000000000E-001
   4.031370000000000E-001   5.352840000000000E-001
   5.647160000000000E-001   6.968630000000000E-001
   4.077167000000000E-001   5.550192000000001E-001
   5.449808000000000E-001   6.922833000000001E-001
   5.258101000000000E-001   6.857306000000000E-001
   4.142694000000000E-001   5.741899000000000E-001
   5.074007000000000E-001   6.772720000000000E-001
   4.227280000000000E-001   5.925993000000001E-001
   4.330056000000000E-001   6.100585000000000E-001
   4.899415000000000E-001   6.669944000000000E-001
   4.736116000000000E-001   6.550031000000000E-001
   4.449969000000000E-001   6.263884000000000E-001
   4.585786000000000E-001   6.414214000000000E-001
