        1681
        1.000000000000000        1.000000000000000
        1.000000000000000   9.812067000000000E-001
   9.812067000000000E-001        1.000000000000000
   9.812067000000000E-001   9.812067000000000E-001
        1.000000000000000   9.624134000000000E-001
   9.624134000000000E-001        1.000000000000000
   9.624134000000000E-001   9.812067000000000E-001
   9.812067000000000E-001   9.624134000000000E-001
   9.624134000000000E-001   9.624134000000000E-001
   9.419286000000000E-001        1.000000000000000
        1.000000000000000   9.419286000000000E-001
   9.812067000000000E-001   9.419286000000000E-001
   9.419286000000000E-001   9.812067000000000E-001
   9.624134000000000E-001   9.419286000000000E-001
   9.419286000000000E-001   9.624134000000000E-001
        1.000000000000000   9.214439000000000E-001
   9.214439000000000E-001        1.000000000000000
   9.812067000000000E-001   9.214439000000000E-001
   9.214439000000000E-001   9.812067000000000E-001
   9.419286000000000E-001   9.419286000000000E-001
   9.624134000000000E-001   9.214439000000000E-001
   9.214439000000000E-001   9.624134000000000E-001
   9.214439000000000E-001   9.419286000000000E-001
   9.419286000000000E-001   9.214439000000000E-001
   8.993204000000000E-001        1.000000000000000
        1.000000000000000   8.993204000000000E-001
   9.812067000000000E-001   8.993204000000000E-001
   8.993204000000000E-001   9.812067000000000E-001
   8.993204000000000E-001   9.624134000000000E-001
   9.624134000000000E-001   8.993204000000000E-001
   9.214439000000000E-001   9.214439000000000E-001
   9.419286000000000E-001   8.993204000000000E-001
   8.993204000000000E-001   9.419286000000000E-001
   8.771969000000000E-001        1.000000000000000
        1.000000000000000   8.771969000000000E-001
   9.812067000000000E-001   8.771969000000000E-001
   8.771969000000000E-001   9.812067000000000E-001
   8.993204000000000E-001   9.214439000000000E-001
   9.214439000000000E-001   8.993204000000000E-001
   9.624134000000000E-001   8.771969000000000E-001
   8.771969000000000E-001   9.624134000000000E-001
   8.771969000000000E-001   9.419286000000000E-001
   9.419286000000000E-001   8.771969000000000E-001
   8.993204000000000E-001   8.993204000000000E-001
   9.214439000000000E-001   8.771969000000000E-001
   8.771969000000000E-001   9.214439000000000E-001
        1.000000000000000   8.535248000000000E-001
   8.535248000000000E-001        1.000000000000000
   9.812067000000000E-001   8.535248000000000E-001
   8.535248000000000E-001   9.812067000000000E-001
   8.535248000000000E-001   9.624134000000000E-001
   9.624134000000000E-001   8.535248000000000E-001
   8.535248000000000E-001   9.419286000000000E-001
   9.419286000000000E-001   8.535248000000000E-001
   8.771969000000000E-001   8.993204000000000E-001
   8.993204000000000E-001   8.771969000000000E-001
   8.535248000000000E-001   9.214439000000000E-001
   9.214439000000000E-001   8.535248000000000E-001
        1.000000000000000   8.298527000000000E-001
   8.298527000000000E-001        1.000000000000000
   9.812067000000000E-001   8.298527000000000E-001
   8.298527000000000E-001   9.812067000000000E-001
   8.771969000000000E-001   8.771969000000000E-001
   9.624134000000000E-001   8.298527000000000E-001
   8.298527000000000E-001   9.624134000000000E-001
   8.993204000000000E-001   8.535248000000000E-001
   8.535248000000000E-001   8.993204000000000E-001
   9.419286000000000E-001   8.298527000000000E-001
   8.298527000000000E-001   9.419286000000000E-001
   9.214439000000000E-001   8.298527000000000E-001
   8.298527000000000E-001   9.214439000000000E-001
   8.771969000000000E-001   8.535248000000000E-001
   8.535248000000000E-001   8.771969000000000E-001
        1.000000000000000   8.047602000000000E-001
   8.047602000000000E-001        1.000000000000000
   9.812067000000000E-001   8.047602000000000E-001
   8.047602000000000E-001   9.812067000000000E-001
   8.993204000000000E-001   8.298527000000000E-001
   8.298527000000000E-001   8.993204000000000E-001
   9.624134000000000E-001   8.047602000000000E-001
   8.047602000000000E-001   9.624134000000000E-001
   9.419286000000000E-001   8.047602000000000E-001
   8.047602000000000E-001   9.419286000000000E-001
   8.535248000000000E-001   8.535248000000000E-001
   8.771969000000000E-001   8.298527000000000E-001
   8.298527000000000E-001   8.771969000000000E-001
   9.214439000000000E-001   8.047602000000000E-001
   8.047602000000000E-001   9.214439000000000E-001
   8.993204000000000E-001   8.047602000000000E-001
   8.047602000000000E-001   8.993204000000000E-001
        1.000000000000000   7.796677000000000E-001
   7.796677000000000E-001        1.000000000000000
   9.812067000000000E-001   7.796677000000000E-001
   7.796677000000000E-001   9.812067000000000E-001
   7.796677000000000E-001   9.624134000000000E-001
   9.624134000000000E-001   7.796677000000000E-001
   8.298527000000000E-001   8.535248000000000E-001
   8.535248000000000E-001   8.298527000000000E-001
   9.419286000000000E-001   7.796677000000000E-001
   7.796677000000000E-001   9.419286000000000E-001
   8.771969000000000E-001   8.047602000000000E-001
   8.047602000000000E-001   8.771969000000000E-001
   7.796677000000000E-001   9.214439000000000E-001
   9.214439000000000E-001   7.796677000000000E-001
   8.298527000000000E-001   8.298527000000000E-001
   7.796677000000000E-001   8.993204000000000E-001
   8.993204000000000E-001   7.796677000000000E-001
   8.047602000000000E-001   8.535248000000000E-001
   8.535248000000000E-001   8.047602000000000E-001
        1.000000000000000   7.533206000000000E-001
   7.533206000000000E-001        1.000000000000000
   9.812067000000000E-001   7.533206000000000E-001
   7.533206000000000E-001   9.812067000000000E-001
   7.533206000000000E-001   9.624134000000000E-001
   9.624134000000000E-001   7.533206000000000E-001
   8.771969000000000E-001   7.796677000000000E-001
   7.796677000000000E-001   8.771969000000000E-001
   9.419286000000000E-001   7.533206000000000E-001
   7.533206000000000E-001   9.419286000000000E-001
   9.214439000000000E-001   7.533206000000000E-001
   7.533206000000000E-001   9.214439000000000E-001
   8.298527000000000E-001   8.047602000000000E-001
   8.047602000000000E-001   8.298527000000000E-001
   7.796677000000000E-001   8.535248000000000E-001
   8.535248000000000E-001   7.796677000000000E-001
   8.993204000000000E-001   7.533206000000000E-001
   7.533206000000000E-001   8.993204000000000E-001
        1.000000000000000   7.269736000000000E-001
   7.269736000000000E-001        1.000000000000000
   9.812067000000000E-001   7.269736000000000E-001
   7.269736000000000E-001   9.812067000000000E-001
   8.771969000000000E-001   7.533206000000000E-001
   7.533206000000000E-001   8.771969000000000E-001
   9.624134000000000E-001   7.269736000000000E-001
   7.269736000000000E-001   9.624134000000000E-001
   8.047602000000000E-001   8.047602000000000E-001
   7.796677000000000E-001   8.298527000000000E-001
   8.298527000000000E-001   7.796677000000000E-001
   9.419286000000000E-001   7.269736000000000E-001
   7.269736000000000E-001   9.419286000000000E-001
   9.214439000000000E-001   7.269736000000000E-001
   7.269736000000000E-001   9.214439000000000E-001
   8.535248000000000E-001   7.533206000000000E-001
   7.533206000000000E-001   8.535248000000000E-001
   8.993204000000000E-001   7.269736000000000E-001
   7.269736000000000E-001   8.993204000000000E-001
   8.047602000000000E-001   7.796677000000000E-001
   7.796677000000000E-001   8.047602000000000E-001
   8.771969000000000E-001   7.269736000000000E-001
   7.269736000000000E-001   8.771969000000000E-001
   8.298527000000000E-001   7.533206000000000E-001
   7.533206000000000E-001   8.298527000000000E-001
        1.000000000000000   6.995726000000000E-001
   6.995726000000000E-001        1.000000000000000
   9.812067000000000E-001   6.995726000000000E-001
   6.995726000000000E-001   9.812067000000000E-001
   9.624134000000000E-001   6.995726000000000E-001
   6.995726000000000E-001   9.624134000000000E-001
   9.419286000000000E-001   6.995726000000000E-001
   6.995726000000000E-001   9.419286000000000E-001
   7.269736000000000E-001   8.535248000000000E-001
   8.535248000000000E-001   7.269736000000000E-001
   9.214439000000000E-001   6.995726000000000E-001
   6.995726000000000E-001   9.214439000000000E-001
   7.796677000000000E-001   7.796677000000000E-001
   7.533206000000000E-001   8.047602000000000E-001
   8.047602000000000E-001   7.533206000000000E-001
   8.993204000000000E-001   6.995726000000000E-001
   6.995726000000000E-001   8.993204000000000E-001
   8.298527000000000E-001   7.269736000000000E-001
   7.269736000000000E-001   8.298527000000000E-001
   8.771969000000000E-001   6.995726000000000E-001
   6.995726000000000E-001   8.771969000000000E-001
   6.721716000000000E-001        1.000000000000000
        1.000000000000000   6.721716000000000E-001
   9.812067000000000E-001   6.721716000000000E-001
   6.721716000000000E-001   9.812067000000000E-001
   9.624134000000000E-001   6.721716000000000E-001
   6.721716000000000E-001   9.624134000000000E-001
   7.533206000000000E-001   7.796677000000000E-001
   7.796677000000000E-001   7.533206000000000E-001
   9.419286000000000E-001   6.721716000000000E-001
   6.721716000000000E-001   9.419286000000000E-001
   8.535248000000000E-001   6.995726000000000E-001
   6.995726000000000E-001   8.535248000000000E-001
   8.047602000000000E-001   7.269736000000000E-001
   7.269736000000000E-001   8.047602000000000E-001
   6.721716000000000E-001   9.214439000000000E-001
   9.214439000000000E-001   6.721716000000000E-001
   6.721716000000000E-001   8.993204000000000E-001
   8.993204000000000E-001   6.721716000000000E-001
   8.298527000000000E-001   6.995726000000000E-001
   6.995726000000000E-001   8.298527000000000E-001
   7.533206000000000E-001   7.533206000000000E-001
   6.721716000000000E-001   8.771969000000000E-001
   8.771969000000000E-001   6.721716000000000E-001
   7.796677000000000E-001   7.269736000000000E-001
   7.269736000000000E-001   7.796677000000000E-001
        1.000000000000000   6.439486000000000E-001
   6.439486000000000E-001        1.000000000000000
   9.812067000000000E-001   6.439486000000000E-001
   6.439486000000000E-001   9.812067000000000E-001
   9.624134000000000E-001   6.439486000000000E-001
   6.439486000000000E-001   9.624134000000000E-001
   8.047602000000000E-001   6.995726000000000E-001
   6.995726000000000E-001   8.047602000000000E-001
   8.535248000000000E-001   6.721716000000000E-001
   6.721716000000000E-001   8.535248000000000E-001
   6.439486000000000E-001   9.419286000000000E-001
   9.419286000000000E-001   6.439486000000000E-001
   6.439486000000000E-001   9.214439000000000E-001
   9.214439000000000E-001   6.439486000000000E-001
   7.533206000000000E-001   7.269736000000000E-001
   7.269736000000000E-001   7.533206000000000E-001
   8.298527000000000E-001   6.721716000000000E-001
   6.721716000000000E-001   8.298527000000000E-001
   8.993204000000000E-001   6.439486000000000E-001
   6.439486000000000E-001   8.993204000000000E-001
   7.796677000000000E-001   6.995726000000000E-001
   6.995726000000000E-001   7.796677000000000E-001
   6.439486000000000E-001   8.771969000000000E-001
   8.771969000000000E-001   6.439486000000000E-001
   8.047602000000000E-001   6.721716000000000E-001
   6.721716000000000E-001   8.047602000000000E-001
        1.000000000000000   6.157256000000000E-001
   6.157256000000000E-001        1.000000000000000
   6.157256000000000E-001   9.812067000000000E-001
   9.812067000000000E-001   6.157256000000000E-001
   8.535248000000000E-001   6.439486000000000E-001
   6.439486000000000E-001   8.535248000000000E-001
   9.624134000000000E-001   6.157256000000000E-001
   6.157256000000000E-001   9.624134000000000E-001
   7.269736000000000E-001   7.269736000000000E-001
   9.419286000000000E-001   6.157256000000000E-001
   6.157256000000000E-001   9.419286000000000E-001
   7.533206000000000E-001   6.995726000000000E-001
   6.995726000000000E-001   7.533206000000000E-001
   9.214439000000000E-001   6.157256000000000E-001
   6.157256000000000E-001   9.214439000000000E-001
   6.439486000000000E-001   8.298527000000000E-001
   8.298527000000000E-001   6.439486000000000E-001
   6.721716000000000E-001   7.796677000000000E-001
   7.796677000000000E-001   6.721716000000000E-001
   8.993204000000000E-001   6.157256000000000E-001
   6.157256000000000E-001   8.993204000000000E-001
   8.771969000000000E-001   6.157256000000000E-001
   6.157256000000000E-001   8.771969000000000E-001
   6.995726000000000E-001   7.269736000000000E-001
   7.269736000000000E-001   6.995726000000000E-001
   6.439486000000000E-001   8.047602000000000E-001
   8.047602000000000E-001   6.439486000000000E-001
   7.533206000000000E-001   6.721716000000000E-001
   6.721716000000000E-001   7.533206000000000E-001
   8.535248000000000E-001   6.157256000000000E-001
   6.157256000000000E-001   8.535248000000000E-001
        1.000000000000000   5.869381000000000E-001
   5.869381000000000E-001        1.000000000000000
   9.812067000000000E-001   5.869381000000000E-001
   5.869381000000000E-001   9.812067000000000E-001
   9.624134000000000E-001   5.869381000000000E-001
   5.869381000000000E-001   9.624134000000000E-001
   9.419286000000000E-001   5.869381000000000E-001
   5.869381000000000E-001   9.419286000000000E-001
   6.439486000000000E-001   7.796677000000000E-001
   7.796677000000000E-001   6.439486000000000E-001
   6.157256000000000E-001   8.298527000000000E-001
   8.298527000000000E-001   6.157256000000000E-001
   9.214439000000000E-001   5.869381000000000E-001
   5.869381000000000E-001   9.214439000000000E-001
   6.995726000000000E-001   6.995726000000000E-001
   5.869381000000000E-001   8.993204000000000E-001
   8.993204000000000E-001   5.869381000000000E-001
   6.721716000000000E-001   7.269736000000000E-001
   7.269736000000000E-001   6.721716000000000E-001
   8.771969000000000E-001   5.869381000000000E-001
   5.869381000000000E-001   8.771969000000000E-001
   6.157256000000000E-001   8.047602000000000E-001
   8.047602000000000E-001   6.157256000000000E-001
   7.533206000000000E-001   6.439486000000000E-001
   6.439486000000000E-001   7.533206000000000E-001
   8.535248000000000E-001   5.869381000000000E-001
   5.869381000000000E-001   8.535248000000000E-001
        1.000000000000000   5.581507000000000E-001
   5.581507000000000E-001        1.000000000000000
   9.812067000000000E-001   5.581507000000000E-001
   5.581507000000000E-001   9.812067000000000E-001
   7.796677000000000E-001   6.157256000000000E-001
   6.157256000000000E-001   7.796677000000000E-001
   9.624134000000000E-001   5.581507000000000E-001
   5.581507000000000E-001   9.624134000000000E-001
   6.995726000000000E-001   6.721716000000000E-001
   6.721716000000000E-001   6.995726000000000E-001
   9.419286000000000E-001   5.581507000000000E-001
   5.581507000000000E-001   9.419286000000000E-001
   8.298527000000000E-001   5.869381000000000E-001
   5.869381000000000E-001   8.298527000000000E-001
   7.269736000000000E-001   6.439486000000000E-001
   6.439486000000000E-001   7.269736000000000E-001
   9.214439000000000E-001   5.581507000000000E-001
   5.581507000000000E-001   9.214439000000000E-001
   8.993204000000000E-001   5.581507000000000E-001
   5.581507000000000E-001   8.993204000000000E-001
   7.533206000000000E-001   6.157256000000000E-001
   6.157256000000000E-001   7.533206000000000E-001
   5.869381000000000E-001   8.047602000000000E-001
   8.047602000000000E-001   5.869381000000000E-001
   8.771969000000000E-001   5.581507000000000E-001
   5.581507000000000E-001   8.771969000000000E-001
   6.721716000000000E-001   6.721716000000000E-001
   8.535248000000000E-001   5.581507000000000E-001
   5.581507000000000E-001   8.535248000000000E-001
   6.439486000000000E-001   6.995726000000000E-001
   6.995726000000000E-001   6.439486000000000E-001
   5.869381000000000E-001   7.796677000000000E-001
   7.796677000000000E-001   5.869381000000000E-001
        1.000000000000000   5.290753000000000E-001
   5.290753000000000E-001        1.000000000000000
   9.812067000000000E-001   5.290753000000000E-001
   5.290753000000000E-001   9.812067000000000E-001
   6.157256000000000E-001   7.269736000000000E-001
   7.269736000000000E-001   6.157256000000000E-001
   9.624134000000000E-001   5.290753000000000E-001
   5.290753000000000E-001   9.624134000000000E-001
   8.298527000000000E-001   5.581507000000000E-001
   5.581507000000000E-001   8.298527000000000E-001
   9.419286000000000E-001   5.290753000000000E-001
   5.290753000000000E-001   9.419286000000000E-001
   9.214439000000000E-001   5.290753000000000E-001
   5.290753000000000E-001   9.214439000000000E-001
   5.869381000000000E-001   7.533206000000000E-001
   7.533206000000000E-001   5.869381000000000E-001
   8.993204000000000E-001   5.290753000000000E-001
   5.290753000000000E-001   8.993204000000000E-001
   8.047602000000000E-001   5.581507000000000E-001
   5.581507000000000E-001   8.047602000000000E-001
   6.439486000000000E-001   6.721716000000000E-001
   6.721716000000000E-001   6.439486000000000E-001
   8.771969000000000E-001   5.290753000000000E-001
   5.290753000000000E-001   8.771969000000000E-001
   6.995726000000000E-001   6.157256000000000E-001
   6.157256000000000E-001   6.995726000000000E-001
   8.535248000000000E-001   5.290753000000000E-001
   5.290753000000000E-001   8.535248000000000E-001
   7.796677000000000E-001   5.581507000000000E-001
   5.581507000000000E-001   7.796677000000000E-001
   5.869381000000000E-001   7.269736000000000E-001
   7.269736000000000E-001   5.869381000000000E-001
        1.000000000000000   5.000000000000000E-001
   5.000000000000000E-001        1.000000000000000
   9.812067000000000E-001   5.000000000000000E-001
   5.000000000000000E-001   9.812067000000000E-001
   8.298527000000000E-001   5.290753000000000E-001
   5.290753000000000E-001   8.298527000000000E-001
   9.624134000000000E-001   5.000000000000000E-001
   5.000000000000000E-001   9.624134000000000E-001
   9.419286000000000E-001   5.000000000000000E-001
   5.000000000000000E-001   9.419286000000000E-001
   6.439486000000000E-001   6.439486000000000E-001
   6.721716000000000E-001   6.157256000000000E-001
   6.157256000000000E-001   6.721716000000000E-001
   5.581507000000000E-001   7.533206000000000E-001
   7.533206000000000E-001   5.581507000000000E-001
   9.214439000000000E-001   5.000000000000000E-001
   5.000000000000000E-001   9.214439000000000E-001
   8.047602000000000E-001   5.290753000000000E-001
   5.290753000000000E-001   8.047602000000000E-001
   8.993204000000000E-001   5.000000000000000E-001
   5.000000000000000E-001   8.993204000000000E-001
   6.995726000000000E-001   5.869381000000000E-001
   5.869381000000000E-001   6.995726000000000E-001
   8.771969000000000E-001   5.000000000000000E-001
   5.000000000000000E-001   8.771969000000000E-001
   5.581507000000000E-001   7.269736000000000E-001
   7.269736000000000E-001   5.581507000000000E-001
   7.796677000000000E-001   5.290753000000000E-001
   5.290753000000000E-001   7.796677000000000E-001
   8.535248000000000E-001   5.000000000000000E-001
   5.000000000000000E-001   8.535248000000000E-001
   6.439486000000000E-001   6.157256000000000E-001
   6.157256000000000E-001   6.439486000000000E-001
   6.721716000000000E-001   5.869381000000000E-001
   5.869381000000000E-001   6.721716000000000E-001
   8.298527000000000E-001   5.000000000000000E-001
   5.000000000000000E-001   8.298527000000000E-001
        1.000000000000000   4.709247000000000E-001
   4.709247000000000E-001        1.000000000000000
   9.812067000000000E-001   4.709247000000000E-001
   4.709247000000000E-001   9.812067000000000E-001
   9.624134000000000E-001   4.709247000000000E-001
   4.709247000000000E-001   9.624134000000000E-001
   7.533206000000000E-001   5.290753000000000E-001
   5.290753000000000E-001   7.533206000000000E-001
   9.419286000000000E-001   4.709247000000000E-001
   4.709247000000000E-001   9.419286000000000E-001
   6.995726000000000E-001   5.581507000000000E-001
   5.581507000000000E-001   6.995726000000000E-001
   9.214439000000000E-001   4.709247000000000E-001
   4.709247000000000E-001   9.214439000000000E-001
   8.047602000000000E-001   5.000000000000000E-001
   5.000000000000000E-001   8.047602000000000E-001
   8.993204000000000E-001   4.709247000000000E-001
   4.709247000000000E-001   8.993204000000000E-001
   8.771969000000000E-001   4.709247000000000E-001
   4.709247000000000E-001   8.771969000000000E-001
   6.157256000000000E-001   6.157256000000000E-001
   7.269736000000000E-001   5.290753000000000E-001
   5.290753000000000E-001   7.269736000000000E-001
   6.439486000000000E-001   5.869381000000000E-001
   5.869381000000000E-001   6.439486000000000E-001
   7.796677000000000E-001   5.000000000000000E-001
   5.000000000000000E-001   7.796677000000000E-001
   8.535248000000000E-001   4.709247000000000E-001
   4.709247000000000E-001   8.535248000000000E-001
   6.721716000000000E-001   5.581507000000000E-001
   5.581507000000000E-001   6.721716000000000E-001
   8.298527000000000E-001   4.709247000000000E-001
   4.709247000000000E-001   8.298527000000000E-001
   7.533206000000000E-001   5.000000000000000E-001
   5.000000000000000E-001   7.533206000000000E-001
        1.000000000000000   4.418493000000000E-001
   4.418493000000000E-001        1.000000000000000
   4.418493000000000E-001   9.812067000000000E-001
   9.812067000000000E-001   4.418493000000000E-001
   6.995726000000000E-001   5.290753000000000E-001
   5.290753000000000E-001   6.995726000000000E-001
   9.624134000000000E-001   4.418493000000000E-001
   4.418493000000000E-001   9.624134000000000E-001
   9.419286000000000E-001   4.418493000000000E-001
   4.418493000000000E-001   9.419286000000000E-001
   9.214439000000000E-001   4.418493000000000E-001
   4.418493000000000E-001   9.214439000000000E-001
   8.047602000000000E-001   4.709247000000000E-001
   4.709247000000000E-001   8.047602000000000E-001
   6.157256000000000E-001   5.869381000000000E-001
   5.869381000000000E-001   6.157256000000000E-001
   8.993204000000000E-001   4.418493000000000E-001
   4.418493000000000E-001   8.993204000000000E-001
   5.581507000000000E-001   6.439486000000000E-001
   6.439486000000000E-001   5.581507000000000E-001
   7.269736000000000E-001   5.000000000000000E-001
   5.000000000000000E-001   7.269736000000000E-001
   8.771969000000000E-001   4.418493000000000E-001
   4.418493000000000E-001   8.771969000000000E-001
   7.796677000000000E-001   4.709247000000000E-001
   4.709247000000000E-001   7.796677000000000E-001
   6.721716000000000E-001   5.290753000000000E-001
   5.290753000000000E-001   6.721716000000000E-001
   8.535248000000000E-001   4.418493000000000E-001
   4.418493000000000E-001   8.535248000000000E-001
   6.995726000000000E-001   5.000000000000000E-001
   5.000000000000000E-001   6.995726000000000E-001
   8.298527000000000E-001   4.418493000000000E-001
   4.418493000000000E-001   8.298527000000000E-001
   7.533206000000000E-001   4.709247000000000E-001
   4.709247000000000E-001   7.533206000000000E-001
   5.869381000000000E-001   5.869381000000000E-001
   6.157256000000000E-001   5.581507000000000E-001
   5.581507000000000E-001   6.157256000000000E-001
        1.000000000000000   4.130619000000000E-001
   4.130619000000000E-001        1.000000000000000
   9.812067000000000E-001   4.130619000000000E-001
   4.130619000000000E-001   9.812067000000000E-001
   9.624134000000000E-001   4.130619000000000E-001
   4.130619000000000E-001   9.624134000000000E-001
   9.419286000000000E-001   4.130619000000000E-001
   4.130619000000000E-001   9.419286000000000E-001
   5.290753000000000E-001   6.439486000000000E-001
   6.439486000000000E-001   5.290753000000000E-001
   8.047602000000000E-001   4.418493000000000E-001
   4.418493000000000E-001   8.047602000000000E-001
   9.214439000000000E-001   4.130619000000000E-001
   4.130619000000000E-001   9.214439000000000E-001
   4.709247000000000E-001   7.269736000000000E-001
   7.269736000000000E-001   4.709247000000000E-001
   8.993204000000000E-001   4.130619000000000E-001
   4.130619000000000E-001   8.993204000000000E-001
   5.000000000000000E-001   6.721716000000000E-001
   6.721716000000000E-001   5.000000000000000E-001
   8.771969000000000E-001   4.130619000000000E-001
   4.130619000000000E-001   8.771969000000000E-001
   4.418493000000000E-001   7.796677000000000E-001
   7.796677000000000E-001   4.418493000000000E-001
   5.869381000000000E-001   5.581507000000000E-001
   5.581507000000000E-001   5.869381000000000E-001
   8.535248000000000E-001   4.130619000000000E-001
   4.130619000000000E-001   8.535248000000000E-001
   6.157256000000000E-001   5.290753000000000E-001
   5.290753000000000E-001   6.157256000000000E-001
   6.995726000000000E-001   4.709247000000000E-001
   4.709247000000000E-001   6.995726000000000E-001
   7.533206000000000E-001   4.418493000000000E-001
   4.418493000000000E-001   7.533206000000000E-001
   8.298527000000000E-001   4.130619000000000E-001
   4.130619000000000E-001   8.298527000000000E-001
   6.439486000000000E-001   5.000000000000000E-001
   5.000000000000000E-001   6.439486000000000E-001
        1.000000000000000   3.842744000000000E-001
   3.842744000000000E-001        1.000000000000000
   9.812067000000000E-001   3.842744000000000E-001
   3.842744000000000E-001   9.812067000000000E-001
   9.624134000000000E-001   3.842744000000000E-001
   3.842744000000000E-001   9.624134000000000E-001
   9.419286000000000E-001   3.842744000000000E-001
   3.842744000000000E-001   9.419286000000000E-001
   8.047602000000000E-001   4.130619000000000E-001
   4.130619000000000E-001   8.047602000000000E-001
   9.214439000000000E-001   3.842744000000000E-001
   3.842744000000000E-001   9.214439000000000E-001
   7.269736000000000E-001   4.418493000000000E-001
   4.418493000000000E-001   7.269736000000000E-001
   6.721716000000000E-001   4.709247000000000E-001
   4.709247000000000E-001   6.721716000000000E-001
   8.993204000000000E-001   3.842744000000000E-001
   3.842744000000000E-001   8.993204000000000E-001
   5.581507000000000E-001   5.581507000000000E-001
   5.869381000000000E-001   5.290753000000000E-001
   5.290753000000000E-001   5.869381000000000E-001
   7.796677000000000E-001   4.130619000000000E-001
   4.130619000000000E-001   7.796677000000000E-001
   8.771969000000000E-001   3.842744000000000E-001
   3.842744000000000E-001   8.771969000000000E-001
   5.000000000000000E-001   6.157256000000000E-001
   6.157256000000000E-001   5.000000000000000E-001
   3.842744000000000E-001   8.535248000000000E-001
   8.535248000000000E-001   3.842744000000000E-001
   6.995726000000000E-001   4.418493000000000E-001
   4.418493000000000E-001   6.995726000000000E-001
   7.533206000000000E-001   4.130619000000000E-001
   4.130619000000000E-001   7.533206000000000E-001
   6.439486000000000E-001   4.709247000000000E-001
   4.709247000000000E-001   6.439486000000000E-001
   8.298527000000000E-001   3.842744000000000E-001
   3.842744000000000E-001   8.298527000000000E-001
        1.000000000000000   3.560514000000000E-001
   3.560514000000000E-001        1.000000000000000
   9.812067000000000E-001   3.560514000000000E-001
   3.560514000000000E-001   9.812067000000000E-001
   9.624134000000000E-001   3.560514000000000E-001
   3.560514000000000E-001   9.624134000000000E-001
   5.290753000000000E-001   5.581507000000000E-001
   5.581507000000000E-001   5.290753000000000E-001
   8.047602000000000E-001   3.842744000000000E-001
   3.842744000000000E-001   8.047602000000000E-001
   9.419286000000000E-001   3.560514000000000E-001
   3.560514000000000E-001   9.419286000000000E-001
   4.418493000000000E-001   6.721716000000000E-001
   6.721716000000000E-001   4.418493000000000E-001
   4.130619000000000E-001   7.269736000000000E-001
   7.269736000000000E-001   4.130619000000000E-001
   5.000000000000000E-001   5.869381000000000E-001
   5.869381000000000E-001   5.000000000000000E-001
   9.214439000000000E-001   3.560514000000000E-001
   3.560514000000000E-001   9.214439000000000E-001
   8.993204000000000E-001   3.560514000000000E-001
   3.560514000000000E-001   8.993204000000000E-001
   6.157256000000000E-001   4.709247000000000E-001
   4.709247000000000E-001   6.157256000000000E-001
   7.796677000000000E-001   3.842744000000000E-001
   3.842744000000000E-001   7.796677000000000E-001
   8.771969000000000E-001   3.560514000000000E-001
   3.560514000000000E-001   8.771969000000000E-001
   6.995726000000000E-001   4.130619000000000E-001
   4.130619000000000E-001   6.995726000000000E-001
   8.535248000000000E-001   3.560514000000000E-001
   3.560514000000000E-001   8.535248000000000E-001
   6.439486000000000E-001   4.418493000000000E-001
   4.418493000000000E-001   6.439486000000000E-001
   7.533206000000000E-001   3.842744000000000E-001
   3.842744000000000E-001   7.533206000000000E-001
   5.290753000000000E-001   5.290753000000000E-001
   8.298527000000000E-001   3.560514000000000E-001
   3.560514000000000E-001   8.298527000000000E-001
   5.000000000000000E-001   5.581507000000000E-001
   5.581507000000000E-001   5.000000000000000E-001
   5.869381000000000E-001   4.709247000000000E-001
   4.709247000000000E-001   5.869381000000000E-001
   3.278284000000000E-001        1.000000000000000
        1.000000000000000   3.278284000000000E-001
   6.721716000000000E-001   4.130619000000000E-001
   4.130619000000000E-001   6.721716000000000E-001
   3.278284000000000E-001   9.812067000000000E-001
   9.812067000000000E-001   3.278284000000000E-001
   8.047602000000000E-001   3.560514000000000E-001
   3.560514000000000E-001   8.047602000000000E-001
   3.278284000000000E-001   9.624134000000000E-001
   9.624134000000000E-001   3.278284000000000E-001
   3.842744000000000E-001   7.269736000000000E-001
   7.269736000000000E-001   3.842744000000000E-001
   3.278284000000000E-001   9.419286000000000E-001
   9.419286000000000E-001   3.278284000000000E-001
   9.214439000000000E-001   3.278284000000000E-001
   3.278284000000000E-001   9.214439000000000E-001
   6.157256000000000E-001   4.418493000000000E-001
   4.418493000000000E-001   6.157256000000000E-001
   8.993204000000000E-001   3.278284000000000E-001
   3.278284000000000E-001   8.993204000000000E-001
   7.796677000000000E-001   3.560514000000000E-001
   3.560514000000000E-001   7.796677000000000E-001
   3.278284000000000E-001   8.771969000000000E-001
   8.771969000000000E-001   3.278284000000000E-001
   6.995726000000000E-001   3.842744000000000E-001
   3.842744000000000E-001   6.995726000000000E-001
   6.439486000000000E-001   4.130619000000000E-001
   4.130619000000000E-001   6.439486000000000E-001
   5.000000000000000E-001   5.290753000000000E-001
   5.290753000000000E-001   5.000000000000000E-001
   8.535248000000000E-001   3.278284000000000E-001
   3.278284000000000E-001   8.535248000000000E-001
   4.709247000000000E-001   5.581507000000000E-001
   5.581507000000000E-001   4.709247000000000E-001
   7.533206000000000E-001   3.560514000000000E-001
   3.560514000000000E-001   7.533206000000000E-001
   8.298527000000000E-001   3.278284000000000E-001
   3.278284000000000E-001   8.298527000000000E-001
   5.869381000000000E-001   4.418493000000000E-001
   4.418493000000000E-001   5.869381000000000E-001
   6.721716000000000E-001   3.842744000000000E-001
   3.842744000000000E-001   6.721716000000000E-001
   7.269736000000000E-001   3.560514000000000E-001
   3.560514000000000E-001   7.269736000000000E-001
        1.000000000000000   3.004274000000000E-001
   3.004274000000000E-001        1.000000000000000
   9.812067000000000E-001   3.004274000000000E-001
   3.004274000000000E-001   9.812067000000000E-001
   8.047602000000000E-001   3.278284000000000E-001
   3.278284000000000E-001   8.047602000000000E-001
   9.624134000000000E-001   3.004274000000000E-001
   3.004274000000000E-001   9.624134000000000E-001
   6.157256000000000E-001   4.130619000000000E-001
   4.130619000000000E-001   6.157256000000000E-001
   9.419286000000000E-001   3.004274000000000E-001
   3.004274000000000E-001   9.419286000000000E-001
   9.214439000000000E-001   3.004274000000000E-001
   3.004274000000000E-001   9.214439000000000E-001
   8.993204000000000E-001   3.004274000000000E-001
   3.004274000000000E-001   8.993204000000000E-001
   5.000000000000000E-001   5.000000000000000E-001
   3.278284000000000E-001   7.796677000000000E-001
   7.796677000000000E-001   3.278284000000000E-001
   5.290753000000000E-001   4.709247000000000E-001
   4.709247000000000E-001   5.290753000000000E-001
   3.004274000000000E-001   8.771969000000000E-001
   8.771969000000000E-001   3.004274000000000E-001
   6.995726000000000E-001   3.560514000000000E-001
   3.560514000000000E-001   6.995726000000000E-001
   6.439486000000000E-001   3.842744000000000E-001
   3.842744000000000E-001   6.439486000000000E-001
   4.418493000000000E-001   5.581507000000000E-001
   5.581507000000000E-001   4.418493000000000E-001
   8.535248000000000E-001   3.004274000000000E-001
   3.004274000000000E-001   8.535248000000000E-001
   7.533206000000000E-001   3.278284000000000E-001
   3.278284000000000E-001   7.533206000000000E-001
   5.869381000000000E-001   4.130619000000000E-001
   4.130619000000000E-001   5.869381000000000E-001
   8.298527000000000E-001   3.004274000000000E-001
   3.004274000000000E-001   8.298527000000000E-001
   6.721716000000000E-001   3.560514000000000E-001
   3.560514000000000E-001   6.721716000000000E-001
   3.278284000000000E-001   7.269736000000000E-001
   7.269736000000000E-001   3.278284000000000E-001
   3.842744000000000E-001   6.157256000000000E-001
   6.157256000000000E-001   3.842744000000000E-001
   8.047602000000000E-001   3.004274000000000E-001
   3.004274000000000E-001   8.047602000000000E-001
        1.000000000000000   2.730264000000000E-001
   2.730264000000000E-001        1.000000000000000
   9.812067000000000E-001   2.730264000000000E-001
   2.730264000000000E-001   9.812067000000000E-001
   9.624134000000000E-001   2.730264000000000E-001
   2.730264000000000E-001   9.624134000000000E-001
   5.000000000000000E-001   4.709247000000000E-001
   4.709247000000000E-001   5.000000000000000E-001
   9.419286000000000E-001   2.730264000000000E-001
   2.730264000000000E-001   9.419286000000000E-001
   4.418493000000000E-001   5.290753000000000E-001
   5.290753000000000E-001   4.418493000000000E-001
   9.214439000000000E-001   2.730264000000000E-001
   2.730264000000000E-001   9.214439000000000E-001
   7.796677000000000E-001   3.004274000000000E-001
   3.004274000000000E-001   7.796677000000000E-001
   8.993204000000000E-001   2.730264000000000E-001
   2.730264000000000E-001   8.993204000000000E-001
   5.581507000000000E-001   4.130619000000000E-001
   4.130619000000000E-001   5.581507000000000E-001
   6.439486000000000E-001   3.560514000000000E-001
   3.560514000000000E-001   6.439486000000000E-001
   6.995726000000000E-001   3.278284000000000E-001
   3.278284000000000E-001   6.995726000000000E-001
   8.771969000000000E-001   2.730264000000000E-001
   2.730264000000000E-001   8.771969000000000E-001
   5.869381000000000E-001   3.842744000000000E-001
   3.842744000000000E-001   5.869381000000000E-001
   8.535248000000000E-001   2.730264000000000E-001
   2.730264000000000E-001   8.535248000000000E-001
   7.533206000000000E-001   3.004274000000000E-001
   3.004274000000000E-001   7.533206000000000E-001
   8.298527000000000E-001   2.730264000000000E-001
   2.730264000000000E-001   8.298527000000000E-001
   6.721716000000000E-001   3.278284000000000E-001
   3.278284000000000E-001   6.721716000000000E-001
   4.709247000000000E-001   4.709247000000000E-001
   4.418493000000000E-001   5.000000000000000E-001
   5.000000000000000E-001   4.418493000000000E-001
   6.157256000000000E-001   3.560514000000000E-001
   3.560514000000000E-001   6.157256000000000E-001
   7.269736000000000E-001   3.004274000000000E-001
   3.004274000000000E-001   7.269736000000000E-001
   5.290753000000000E-001   4.130619000000000E-001
   4.130619000000000E-001   5.290753000000000E-001
   8.047602000000000E-001   2.730264000000000E-001
   2.730264000000000E-001   8.047602000000000E-001
        1.000000000000000   2.466794000000000E-001
   2.466794000000000E-001        1.000000000000000
   2.466794000000000E-001   9.812067000000000E-001
   9.812067000000000E-001   2.466794000000000E-001
   9.624134000000000E-001   2.466794000000000E-001
   2.466794000000000E-001   9.624134000000000E-001
   9.419286000000000E-001   2.466794000000000E-001
   2.466794000000000E-001   9.419286000000000E-001
   9.214439000000000E-001   2.466794000000000E-001
   2.466794000000000E-001   9.214439000000000E-001
   5.581507000000000E-001   3.842744000000000E-001
   3.842744000000000E-001   5.581507000000000E-001
   7.796677000000000E-001   2.730264000000000E-001
   2.730264000000000E-001   7.796677000000000E-001
   2.466794000000000E-001   8.993204000000000E-001
   8.993204000000000E-001   2.466794000000000E-001
   6.439486000000000E-001   3.278284000000000E-001
   3.278284000000000E-001   6.439486000000000E-001
   6.995726000000000E-001   3.004274000000000E-001
   3.004274000000000E-001   6.995726000000000E-001
   2.466794000000000E-001   8.771969000000000E-001
   8.771969000000000E-001   2.466794000000000E-001
   5.869381000000000E-001   3.560514000000000E-001
   3.560514000000000E-001   5.869381000000000E-001
   2.466794000000000E-001   8.535248000000000E-001
   8.535248000000000E-001   2.466794000000000E-001
   7.533206000000000E-001   2.730264000000000E-001
   2.730264000000000E-001   7.533206000000000E-001
   4.709247000000000E-001   4.418493000000000E-001
   4.418493000000000E-001   4.709247000000000E-001
   5.000000000000000E-001   4.130619000000000E-001
   4.130619000000000E-001   5.000000000000000E-001
   8.298527000000000E-001   2.466794000000000E-001
   2.466794000000000E-001   8.298527000000000E-001
   3.004274000000000E-001   6.721716000000000E-001
   6.721716000000000E-001   3.004274000000000E-001
   6.157256000000000E-001   3.278284000000000E-001
   3.278284000000000E-001   6.157256000000000E-001
   5.290753000000000E-001   3.842744000000000E-001
   3.842744000000000E-001   5.290753000000000E-001
   2.730264000000000E-001   7.269736000000000E-001
   7.269736000000000E-001   2.730264000000000E-001
   2.466794000000000E-001   8.047602000000000E-001
   8.047602000000000E-001   2.466794000000000E-001
        1.000000000000000   2.203323000000000E-001
   2.203323000000000E-001        1.000000000000000
   9.812067000000000E-001   2.203323000000000E-001
   2.203323000000000E-001   9.812067000000000E-001
   9.624134000000000E-001   2.203323000000000E-001
   2.203323000000000E-001   9.624134000000000E-001
   5.581507000000000E-001   3.560514000000000E-001
   3.560514000000000E-001   5.581507000000000E-001
   9.419286000000000E-001   2.203323000000000E-001
   2.203323000000000E-001   9.419286000000000E-001
   9.214439000000000E-001   2.203323000000000E-001
   2.203323000000000E-001   9.214439000000000E-001
   7.796677000000000E-001   2.466794000000000E-001
   2.466794000000000E-001   7.796677000000000E-001
   6.439486000000000E-001   3.004274000000000E-001
   3.004274000000000E-001   6.439486000000000E-001
   2.203323000000000E-001   8.993204000000000E-001
   8.993204000000000E-001   2.203323000000000E-001
   6.995726000000000E-001   2.730264000000000E-001
   2.730264000000000E-001   6.995726000000000E-001
   5.869381000000000E-001   3.278284000000000E-001
   3.278284000000000E-001   5.869381000000000E-001
   8.771969000000000E-001   2.203323000000000E-001
   2.203323000000000E-001   8.771969000000000E-001
   4.418493000000000E-001   4.418493000000000E-001
   4.130619000000000E-001   4.709247000000000E-001
   4.709247000000000E-001   4.130619000000000E-001
   2.466794000000000E-001   7.533206000000000E-001
   7.533206000000000E-001   2.466794000000000E-001
   5.000000000000000E-001   3.842744000000000E-001
   3.842744000000000E-001   5.000000000000000E-001
   8.535248000000000E-001   2.203323000000000E-001
   2.203323000000000E-001   8.535248000000000E-001
   6.721716000000000E-001   2.730264000000000E-001
   2.730264000000000E-001   6.721716000000000E-001
   5.290753000000000E-001   3.560514000000000E-001
   3.560514000000000E-001   5.290753000000000E-001
   8.298527000000000E-001   2.203323000000000E-001
   2.203323000000000E-001   8.298527000000000E-001
   6.157256000000000E-001   3.004274000000000E-001
   3.004274000000000E-001   6.157256000000000E-001
   7.269736000000000E-001   2.466794000000000E-001
   2.466794000000000E-001   7.269736000000000E-001
   8.047602000000000E-001   2.203323000000000E-001
   2.203323000000000E-001   8.047602000000000E-001
   5.581507000000000E-001   3.278284000000000E-001
   3.278284000000000E-001   5.581507000000000E-001
        1.000000000000000   1.952398000000000E-001
   1.952398000000000E-001        1.000000000000000
   9.812067000000000E-001   1.952398000000000E-001
   1.952398000000000E-001   9.812067000000000E-001
   9.624134000000000E-001   1.952398000000000E-001
   1.952398000000000E-001   9.624134000000000E-001
   9.419286000000000E-001   1.952398000000000E-001
   1.952398000000000E-001   9.419286000000000E-001
   9.214439000000000E-001   1.952398000000000E-001
   1.952398000000000E-001   9.214439000000000E-001
   2.730264000000000E-001   6.439486000000000E-001
   6.439486000000000E-001   2.730264000000000E-001
   4.418493000000000E-001   4.130619000000000E-001
   4.130619000000000E-001   4.418493000000000E-001
   7.796677000000000E-001   2.203323000000000E-001
   2.203323000000000E-001   7.796677000000000E-001
   2.466794000000000E-001   6.995726000000000E-001
   6.995726000000000E-001   2.466794000000000E-001
   8.993204000000000E-001   1.952398000000000E-001
   1.952398000000000E-001   8.993204000000000E-001
   3.842744000000000E-001   4.709247000000000E-001
   4.709247000000000E-001   3.842744000000000E-001
   5.869381000000000E-001   3.004274000000000E-001
   3.004274000000000E-001   5.869381000000000E-001
   8.771969000000000E-001   1.952398000000000E-001
   1.952398000000000E-001   8.771969000000000E-001
   5.000000000000000E-001   3.560514000000000E-001
   3.560514000000000E-001   5.000000000000000E-001
   7.533206000000000E-001   2.203323000000000E-001
   2.203323000000000E-001   7.533206000000000E-001
   8.535248000000000E-001   1.952398000000000E-001
   1.952398000000000E-001   8.535248000000000E-001
   5.290753000000000E-001   3.278284000000000E-001
   3.278284000000000E-001   5.290753000000000E-001
   6.721716000000000E-001   2.466794000000000E-001
   2.466794000000000E-001   6.721716000000000E-001
   6.157256000000000E-001   2.730264000000000E-001
   2.730264000000000E-001   6.157256000000000E-001
   8.298527000000000E-001   1.952398000000000E-001
   1.952398000000000E-001   8.298527000000000E-001
   7.269736000000000E-001   2.203323000000000E-001
   2.203323000000000E-001   7.269736000000000E-001
   5.581507000000000E-001   3.004274000000000E-001
   3.004274000000000E-001   5.581507000000000E-001
   8.047602000000000E-001   1.952398000000000E-001
   1.952398000000000E-001   8.047602000000000E-001
        1.000000000000000   1.701473000000000E-001
   1.701473000000000E-001        1.000000000000000
   4.130619000000000E-001   4.130619000000000E-001
   9.812067000000000E-001   1.701473000000000E-001
   1.701473000000000E-001   9.812067000000000E-001
   9.624134000000000E-001   1.701473000000000E-001
   1.701473000000000E-001   9.624134000000000E-001
   4.418493000000000E-001   3.842744000000000E-001
   3.842744000000000E-001   4.418493000000000E-001
   9.419286000000000E-001   1.701473000000000E-001
   1.701473000000000E-001   9.419286000000000E-001
   6.439486000000000E-001   2.466794000000000E-001
   2.466794000000000E-001   6.439486000000000E-001
   4.709247000000000E-001   3.560514000000000E-001
   3.560514000000000E-001   4.709247000000000E-001
   9.214439000000000E-001   1.701473000000000E-001
   1.701473000000000E-001   9.214439000000000E-001
   7.796677000000000E-001   1.952398000000000E-001
   1.952398000000000E-001   7.796677000000000E-001
   6.995726000000000E-001   2.203323000000000E-001
   2.203323000000000E-001   6.995726000000000E-001
   8.993204000000000E-001   1.701473000000000E-001
   1.701473000000000E-001   8.993204000000000E-001
   5.869381000000000E-001   2.730264000000000E-001
   2.730264000000000E-001   5.869381000000000E-001
   5.000000000000000E-001   3.278284000000000E-001
   3.278284000000000E-001   5.000000000000000E-001
   8.771969000000000E-001   1.701473000000000E-001
   1.701473000000000E-001   8.771969000000000E-001
   7.533206000000000E-001   1.952398000000000E-001
   1.952398000000000E-001   7.533206000000000E-001
   8.535248000000000E-001   1.701473000000000E-001
   1.701473000000000E-001   8.535248000000000E-001
   5.290753000000000E-001   3.004274000000000E-001
   3.004274000000000E-001   5.290753000000000E-001
   2.466794000000000E-001   6.157256000000000E-001
   6.157256000000000E-001   2.466794000000000E-001
   6.721716000000000E-001   2.203323000000000E-001
   2.203323000000000E-001   6.721716000000000E-001
   8.298527000000000E-001   1.701473000000000E-001
   1.701473000000000E-001   8.298527000000000E-001
   7.269736000000000E-001   1.952398000000000E-001
   1.952398000000000E-001   7.269736000000000E-001
   3.842744000000000E-001   4.130619000000000E-001
   4.130619000000000E-001   3.842744000000000E-001
   2.730264000000000E-001   5.581507000000000E-001
   5.581507000000000E-001   2.730264000000000E-001
   4.418493000000000E-001   3.560514000000000E-001
   3.560514000000000E-001   4.418493000000000E-001
   8.047602000000000E-001   1.701473000000000E-001
   1.701473000000000E-001   8.047602000000000E-001
   1.464752000000000E-001        1.000000000000000
        1.000000000000000   1.464752000000000E-001
   1.464752000000000E-001   9.812067000000000E-001
   9.812067000000000E-001   1.464752000000000E-001
   1.464752000000000E-001   9.624134000000000E-001
   9.624134000000000E-001   1.464752000000000E-001
   4.709247000000000E-001   3.278284000000000E-001
   3.278284000000000E-001   4.709247000000000E-001
   9.419286000000000E-001   1.464752000000000E-001
   1.464752000000000E-001   9.419286000000000E-001
   6.439486000000000E-001   2.203323000000000E-001
   2.203323000000000E-001   6.439486000000000E-001
   9.214439000000000E-001   1.464752000000000E-001
   1.464752000000000E-001   9.214439000000000E-001
   7.796677000000000E-001   1.701473000000000E-001
   1.701473000000000E-001   7.796677000000000E-001
   6.995726000000000E-001   1.952398000000000E-001
   1.952398000000000E-001   6.995726000000000E-001
   5.869381000000000E-001   2.466794000000000E-001
   2.466794000000000E-001   5.869381000000000E-001
   1.464752000000000E-001   8.993204000000000E-001
   8.993204000000000E-001   1.464752000000000E-001
   5.000000000000000E-001   3.004274000000000E-001
   3.004274000000000E-001   5.000000000000000E-001
   8.771969000000000E-001   1.464752000000000E-001
   1.464752000000000E-001   8.771969000000000E-001
   7.533206000000000E-001   1.701473000000000E-001
   1.701473000000000E-001   7.533206000000000E-001
   8.535248000000000E-001   1.464752000000000E-001
   1.464752000000000E-001   8.535248000000000E-001
   5.290753000000000E-001   2.730264000000000E-001
   2.730264000000000E-001   5.290753000000000E-001
   1.952398000000000E-001   6.721716000000000E-001
   6.721716000000000E-001   1.952398000000000E-001
   6.157256000000000E-001   2.203323000000000E-001
   2.203323000000000E-001   6.157256000000000E-001
   8.298527000000000E-001   1.464752000000000E-001
   1.464752000000000E-001   8.298527000000000E-001
   3.842744000000000E-001   3.842744000000000E-001
   4.130619000000000E-001   3.560514000000000E-001
   3.560514000000000E-001   4.130619000000000E-001
   5.581507000000000E-001   2.466794000000000E-001
   2.466794000000000E-001   5.581507000000000E-001
   7.269736000000000E-001   1.701473000000000E-001
   1.701473000000000E-001   7.269736000000000E-001
   4.418493000000000E-001   3.278284000000000E-001
   3.278284000000000E-001   4.418493000000000E-001
   8.047602000000000E-001   1.464752000000000E-001
   1.464752000000000E-001   8.047602000000000E-001
   3.004274000000000E-001   4.709247000000000E-001
   4.709247000000000E-001   3.004274000000000E-001
        1.000000000000000   1.228031000000000E-001
   1.228031000000000E-001        1.000000000000000
   1.228031000000000E-001   9.812067000000000E-001
   9.812067000000000E-001   1.228031000000000E-001
   1.228031000000000E-001   9.624134000000000E-001
   9.624134000000000E-001   1.228031000000000E-001
   9.419286000000000E-001   1.228031000000000E-001
   1.228031000000000E-001   9.419286000000000E-001
   6.439486000000000E-001   1.952398000000000E-001
   1.952398000000000E-001   6.439486000000000E-001
   1.228031000000000E-001   9.214439000000000E-001
   9.214439000000000E-001   1.228031000000000E-001
   7.796677000000000E-001   1.464752000000000E-001
   1.464752000000000E-001   7.796677000000000E-001
   5.000000000000000E-001   2.730264000000000E-001
   2.730264000000000E-001   5.000000000000000E-001
   5.869381000000000E-001   2.203323000000000E-001
   2.203323000000000E-001   5.869381000000000E-001
   6.995726000000000E-001   1.701473000000000E-001
   1.701473000000000E-001   6.995726000000000E-001
   1.228031000000000E-001   8.993204000000000E-001
   8.993204000000000E-001   1.228031000000000E-001
   1.228031000000000E-001   8.771969000000000E-001
   8.771969000000000E-001   1.228031000000000E-001
   5.290753000000000E-001   2.466794000000000E-001
   2.466794000000000E-001   5.290753000000000E-001
   7.533206000000000E-001   1.464752000000000E-001
   1.464752000000000E-001   7.533206000000000E-001
   8.535248000000000E-001   1.228031000000000E-001
   1.228031000000000E-001   8.535248000000000E-001
   3.842744000000000E-001   3.560514000000000E-001
   3.560514000000000E-001   3.842744000000000E-001
   6.157256000000000E-001   1.952398000000000E-001
   1.952398000000000E-001   6.157256000000000E-001
   6.721716000000000E-001   1.701473000000000E-001
   1.701473000000000E-001   6.721716000000000E-001
   4.130619000000000E-001   3.278284000000000E-001
   3.278284000000000E-001   4.130619000000000E-001
   8.298527000000000E-001   1.228031000000000E-001
   1.228031000000000E-001   8.298527000000000E-001
   4.418493000000000E-001   3.004274000000000E-001
   3.004274000000000E-001   4.418493000000000E-001
   7.269736000000000E-001   1.464752000000000E-001
   1.464752000000000E-001   7.269736000000000E-001
   5.581507000000000E-001   2.203323000000000E-001
   2.203323000000000E-001   5.581507000000000E-001
   1.228031000000000E-001   8.047602000000000E-001
   8.047602000000000E-001   1.228031000000000E-001
   2.730264000000000E-001   4.709247000000000E-001
   4.709247000000000E-001   2.730264000000000E-001
        1.000000000000000   1.006796000000000E-001
   1.006796000000000E-001        1.000000000000000
   9.812067000000000E-001   1.006796000000000E-001
   1.006796000000000E-001   9.812067000000000E-001
   9.624134000000000E-001   1.006796000000000E-001
   1.006796000000000E-001   9.624134000000000E-001
   1.006796000000000E-001   9.419286000000000E-001
   9.419286000000000E-001   1.006796000000000E-001
   9.214439000000000E-001   1.006796000000000E-001
   1.006796000000000E-001   9.214439000000000E-001
   6.439486000000000E-001   1.701473000000000E-001
   1.701473000000000E-001   6.439486000000000E-001
   5.000000000000000E-001   2.466794000000000E-001
   2.466794000000000E-001   5.000000000000000E-001
   7.796677000000000E-001   1.228031000000000E-001
   1.228031000000000E-001   7.796677000000000E-001
   5.869381000000000E-001   1.952398000000000E-001
   1.952398000000000E-001   5.869381000000000E-001
   6.995726000000000E-001   1.464752000000000E-001
   1.464752000000000E-001   6.995726000000000E-001
   8.993204000000000E-001   1.006796000000000E-001
   1.006796000000000E-001   8.993204000000000E-001
   1.006796000000000E-001   8.771969000000000E-001
   8.771969000000000E-001   1.006796000000000E-001
   3.560514000000000E-001   3.560514000000000E-001
   5.290753000000000E-001   2.203323000000000E-001
   2.203323000000000E-001   5.290753000000000E-001
   1.006796000000000E-001   8.535248000000000E-001
   8.535248000000000E-001   1.006796000000000E-001
   7.533206000000000E-001   1.228031000000000E-001
   1.228031000000000E-001   7.533206000000000E-001
   3.842744000000000E-001   3.278284000000000E-001
   3.278284000000000E-001   3.842744000000000E-001
   4.130619000000000E-001   3.004274000000000E-001
   3.004274000000000E-001   4.130619000000000E-001
   1.464752000000000E-001   6.721716000000000E-001
   6.721716000000000E-001   1.464752000000000E-001
   6.157256000000000E-001   1.701473000000000E-001
   1.701473000000000E-001   6.157256000000000E-001
   1.006796000000000E-001   8.298527000000000E-001
   8.298527000000000E-001   1.006796000000000E-001
   4.418493000000000E-001   2.730264000000000E-001
   2.730264000000000E-001   4.418493000000000E-001
   1.952398000000000E-001   5.581507000000000E-001
   5.581507000000000E-001   1.952398000000000E-001
   7.269736000000000E-001   1.228031000000000E-001
   1.228031000000000E-001   7.269736000000000E-001
   1.006796000000000E-001   8.047602000000000E-001
   8.047602000000000E-001   1.006796000000000E-001
   4.709247000000000E-001   2.466794000000000E-001
   2.466794000000000E-001   4.709247000000000E-001
   7.855607000000001E-002        1.000000000000000
        1.000000000000000   7.855607000000001E-002
   7.855607000000001E-002   9.812067000000000E-001
   9.812067000000000E-001   7.855607000000001E-002
   7.855607000000001E-002   9.624134000000000E-001
   9.624134000000000E-001   7.855607000000001E-002
   7.855607000000001E-002   9.419286000000000E-001
   9.419286000000000E-001   7.855607000000001E-002
   7.855607000000001E-002   9.214439000000000E-001
   9.214439000000000E-001   7.855607000000001E-002
   1.464752000000000E-001   6.439486000000000E-001
   6.439486000000000E-001   1.464752000000000E-001
   1.006796000000000E-001   7.796677000000000E-001
   7.796677000000000E-001   1.006796000000000E-001
   5.000000000000000E-001   2.203323000000000E-001
   2.203323000000000E-001   5.000000000000000E-001
   7.855607000000001E-002   8.993204000000000E-001
   8.993204000000000E-001   7.855607000000001E-002
   1.701473000000000E-001   5.869381000000000E-001
   5.869381000000000E-001   1.701473000000000E-001
   1.228031000000000E-001   6.995726000000000E-001
   6.995726000000000E-001   1.228031000000000E-001
   7.855607000000001E-002   8.771969000000000E-001
   8.771969000000000E-001   7.855607000000001E-002
   3.560514000000000E-001   3.278284000000000E-001
   3.278284000000000E-001   3.560514000000000E-001
   3.842744000000000E-001   3.004274000000000E-001
   3.004274000000000E-001   3.842744000000000E-001
   5.290753000000000E-001   1.952398000000000E-001
   1.952398000000000E-001   5.290753000000000E-001
   1.006796000000000E-001   7.533206000000000E-001
   7.533206000000000E-001   1.006796000000000E-001
   8.535248000000000E-001   7.855607000000001E-002
   7.855607000000001E-002   8.535248000000000E-001
   2.730264000000000E-001   4.130619000000000E-001
   4.130619000000000E-001   2.730264000000000E-001
   6.157256000000000E-001   1.464752000000000E-001
   1.464752000000000E-001   6.157256000000000E-001
   1.228031000000000E-001   6.721716000000000E-001
   6.721716000000000E-001   1.228031000000000E-001
   8.298527000000000E-001   7.855607000000001E-002
   7.855607000000001E-002   8.298527000000000E-001
   4.418493000000000E-001   2.466794000000000E-001
   2.466794000000000E-001   4.418493000000000E-001
   1.006796000000000E-001   7.269736000000000E-001
   7.269736000000000E-001   1.006796000000000E-001
   5.581507000000000E-001   1.701473000000000E-001
   1.701473000000000E-001   5.581507000000000E-001
   8.047602000000000E-001   7.855607000000001E-002
   7.855607000000001E-002   8.047602000000000E-001
   5.807135000000000E-002        1.000000000000000
        1.000000000000000   5.807135000000000E-002
   5.807135000000000E-002   9.812067000000000E-001
   9.812067000000000E-001   5.807135000000000E-002
   4.709247000000000E-001   2.203323000000000E-001
   2.203323000000000E-001   4.709247000000000E-001
   9.624134000000000E-001   5.807135000000000E-002
   5.807135000000000E-002   9.624134000000000E-001
   9.419286000000000E-001   5.807135000000000E-002
   5.807135000000000E-002   9.419286000000000E-001
   5.807135000000000E-002   9.214439000000000E-001
   9.214439000000000E-001   5.807135000000000E-002
   1.228031000000000E-001   6.439486000000000E-001
   6.439486000000000E-001   1.228031000000000E-001
   5.807135000000000E-002   8.993204000000000E-001
   8.993204000000000E-001   5.807135000000000E-002
   7.796677000000000E-001   7.855607000000001E-002
   7.855607000000001E-002   7.796677000000000E-001
   5.000000000000000E-001   1.952398000000000E-001
   1.952398000000000E-001   5.000000000000000E-001
   6.995726000000000E-001   1.006796000000000E-001
   1.006796000000000E-001   6.995726000000000E-001
   5.869381000000000E-001   1.464752000000000E-001
   1.464752000000000E-001   5.869381000000000E-001
   5.807135000000000E-002   8.771969000000000E-001
   8.771969000000000E-001   5.807135000000000E-002
   3.278284000000000E-001   3.278284000000000E-001
   3.560514000000000E-001   3.004274000000000E-001
   3.004274000000000E-001   3.560514000000000E-001
   2.730264000000000E-001   3.842744000000000E-001
   3.842744000000000E-001   2.730264000000000E-001
   5.807135000000000E-002   8.535248000000000E-001
   8.535248000000000E-001   5.807135000000000E-002
   7.533206000000000E-001   7.855607000000001E-002
   7.855607000000001E-002   7.533206000000000E-001
   1.701473000000000E-001   5.290753000000000E-001
   5.290753000000000E-001   1.701473000000000E-001
   4.130619000000000E-001   2.466794000000000E-001
   2.466794000000000E-001   4.130619000000000E-001
   8.298527000000000E-001   5.807135000000000E-002
   5.807135000000000E-002   8.298527000000000E-001
   1.006796000000000E-001   6.721716000000000E-001
   6.721716000000000E-001   1.006796000000000E-001
   6.157256000000000E-001   1.228031000000000E-001
   1.228031000000000E-001   6.157256000000000E-001
   4.418493000000000E-001   2.203323000000000E-001
   2.203323000000000E-001   4.418493000000000E-001
   7.269736000000000E-001   7.855607000000001E-002
   7.855607000000001E-002   7.269736000000000E-001
   5.581507000000000E-001   1.464752000000000E-001
   1.464752000000000E-001   5.581507000000000E-001
   8.047602000000000E-001   5.807135000000000E-002
   5.807135000000000E-002   8.047602000000000E-001
   3.758664000000000E-002        1.000000000000000
        1.000000000000000   3.758664000000000E-002
   3.758664000000000E-002   9.812067000000000E-001
   9.812067000000000E-001   3.758664000000000E-002
   4.709247000000000E-001   1.952398000000000E-001
   1.952398000000000E-001   4.709247000000000E-001
   3.758664000000000E-002   9.624134000000000E-001
   9.624134000000000E-001   3.758664000000000E-002
   3.758664000000000E-002   9.419286000000000E-001
   9.419286000000000E-001   3.758664000000000E-002
   3.758664000000000E-002   9.214439000000000E-001
   9.214439000000000E-001   3.758664000000000E-002
   6.439486000000000E-001   1.006796000000000E-001
   1.006796000000000E-001   6.439486000000000E-001
   7.796677000000000E-001   5.807135000000000E-002
   5.807135000000000E-002   7.796677000000000E-001
   3.758664000000000E-002   8.993204000000000E-001
   8.993204000000000E-001   3.758664000000000E-002
   5.000000000000000E-001   1.701473000000000E-001
   1.701473000000000E-001   5.000000000000000E-001
   6.995726000000000E-001   7.855607000000001E-002
   7.855607000000001E-002   6.995726000000000E-001
   5.869381000000000E-001   1.228031000000000E-001
   1.228031000000000E-001   5.869381000000000E-001
   3.004274000000000E-001   3.278284000000000E-001
   3.278284000000000E-001   3.004274000000000E-001
   3.758664000000000E-002   8.771969000000000E-001
   8.771969000000000E-001   3.758664000000000E-002
   3.560514000000000E-001   2.730264000000000E-001
   2.730264000000000E-001   3.560514000000000E-001
   2.466794000000000E-001   3.842744000000000E-001
   3.842744000000000E-001   2.466794000000000E-001
   8.535248000000000E-001   3.758664000000000E-002
   3.758664000000000E-002   8.535248000000000E-001
   7.533206000000000E-001   5.807135000000000E-002
   5.807135000000000E-002   7.533206000000000E-001
   5.290753000000000E-001   1.464752000000000E-001
   1.464752000000000E-001   5.290753000000000E-001
   2.203323000000000E-001   4.130619000000000E-001
   4.130619000000000E-001   2.203323000000000E-001
   3.758664000000000E-002   8.298527000000000E-001
   8.298527000000000E-001   3.758664000000000E-002
   6.157256000000000E-001   1.006796000000000E-001
   1.006796000000000E-001   6.157256000000000E-001
   6.721716000000000E-001   7.855607000000001E-002
   7.855607000000001E-002   6.721716000000000E-001
   1.952398000000000E-001   4.418493000000000E-001
   4.418493000000000E-001   1.952398000000000E-001
   7.269736000000000E-001   5.807135000000000E-002
   5.807135000000000E-002   7.269736000000000E-001
   1.879332000000000E-002        1.000000000000000
        1.000000000000000   1.879332000000000E-002
   1.879332000000000E-002   9.812067000000000E-001
   9.812067000000000E-001   1.879332000000000E-002
   9.624134000000000E-001   1.879332000000000E-002
   1.879332000000000E-002   9.624134000000000E-001
   3.758664000000000E-002   8.047602000000000E-001
   8.047602000000000E-001   3.758664000000000E-002
   5.581507000000000E-001   1.228031000000000E-001
   1.228031000000000E-001   5.581507000000000E-001
   1.879332000000000E-002   9.419286000000000E-001
   9.419286000000000E-001   1.879332000000000E-002
   4.709247000000000E-001   1.701473000000000E-001
   1.701473000000000E-001   4.709247000000000E-001
   1.879332000000000E-002   9.214439000000000E-001
   9.214439000000000E-001   1.879332000000000E-002
   1.879332000000000E-002   8.993204000000000E-001
   8.993204000000000E-001   1.879332000000000E-002
   7.796677000000000E-001   3.758664000000000E-002
   3.758664000000000E-002   7.796677000000000E-001
   6.439486000000000E-001   7.855607000000001E-002
   7.855607000000001E-002   6.439486000000000E-001
   5.807135000000000E-002   6.995726000000000E-001
   6.995726000000000E-001   5.807135000000000E-002
   1.879332000000000E-002   8.771969000000000E-001
   8.771969000000000E-001   1.879332000000000E-002
   5.000000000000000E-001   1.464752000000000E-001
   1.464752000000000E-001   5.000000000000000E-001
   3.004274000000000E-001   3.004274000000000E-001
   5.869381000000000E-001   1.006796000000000E-001
   1.006796000000000E-001   5.869381000000000E-001
   3.278284000000000E-001   2.730264000000000E-001
   2.730264000000000E-001   3.278284000000000E-001
   3.560514000000000E-001   2.466794000000000E-001
   2.466794000000000E-001   3.560514000000000E-001
   1.879332000000000E-002   8.535248000000000E-001
   8.535248000000000E-001   1.879332000000000E-002
   3.842744000000000E-001   2.203323000000000E-001
   2.203323000000000E-001   3.842744000000000E-001
   7.533206000000000E-001   3.758664000000000E-002
   3.758664000000000E-002   7.533206000000000E-001
   5.290753000000000E-001   1.228031000000000E-001
   1.228031000000000E-001   5.290753000000000E-001
   8.298527000000000E-001   1.879332000000000E-002
   1.879332000000000E-002   8.298527000000000E-001
   4.130619000000000E-001   1.952398000000000E-001
   1.952398000000000E-001   4.130619000000000E-001
   5.807135000000000E-002   6.721716000000000E-001
   6.721716000000000E-001   5.807135000000000E-002
   6.157256000000000E-001   7.855607000000001E-002
   7.855607000000001E-002   6.157256000000000E-001
        1.000000000000000   0.000000000000000E+000
   0.000000000000000E+000        1.000000000000000
   4.418493000000000E-001   1.701473000000000E-001
   1.701473000000000E-001   4.418493000000000E-001
   9.812067000000000E-001   0.000000000000000E+000
   0.000000000000000E+000   9.812067000000000E-001
   7.269736000000000E-001   3.758664000000000E-002
   3.758664000000000E-002   7.269736000000000E-001
   1.879332000000000E-002   8.047602000000000E-001
   8.047602000000000E-001   1.879332000000000E-002
   0.000000000000000E+000   9.624134000000000E-001
   9.624134000000000E-001   0.000000000000000E+000
   0.000000000000000E+000   9.419286000000000E-001
   9.419286000000000E-001   0.000000000000000E+000
   5.581507000000000E-001   1.006796000000000E-001
   1.006796000000000E-001   5.581507000000000E-001
   9.214439000000000E-001   0.000000000000000E+000
   0.000000000000000E+000   9.214439000000000E-001
   4.709247000000000E-001   1.464752000000000E-001
   1.464752000000000E-001   4.709247000000000E-001
   0.000000000000000E+000   8.993204000000000E-001
   8.993204000000000E-001   0.000000000000000E+000
   7.796677000000000E-001   1.879332000000000E-002
   1.879332000000000E-002   7.796677000000000E-001
   6.439486000000000E-001   5.807135000000000E-002
   5.807135000000000E-002   6.439486000000000E-001
   0.000000000000000E+000   8.771969000000000E-001
   8.771969000000000E-001   0.000000000000000E+000
   3.758664000000000E-002   6.995726000000000E-001
   6.995726000000000E-001   3.758664000000000E-002
   3.004274000000000E-001   2.730264000000000E-001
   2.730264000000000E-001   3.004274000000000E-001
   3.278284000000000E-001   2.466794000000000E-001
   2.466794000000000E-001   3.278284000000000E-001
   5.000000000000000E-001   1.228031000000000E-001
   1.228031000000000E-001   5.000000000000000E-001
   5.869381000000000E-001   7.855607000000001E-002
   7.855607000000001E-002   5.869381000000000E-001
   8.535248000000000E-001   0.000000000000000E+000
   0.000000000000000E+000   8.535248000000000E-001
   2.203323000000000E-001   3.560514000000000E-001
   3.560514000000000E-001   2.203323000000000E-001
   1.879332000000000E-002   7.533206000000000E-001
   7.533206000000000E-001   1.879332000000000E-002
   3.842744000000000E-001   1.952398000000000E-001
   1.952398000000000E-001   3.842744000000000E-001
   8.298527000000000E-001   0.000000000000000E+000
   0.000000000000000E+000   8.298527000000000E-001
   5.290753000000000E-001   1.006796000000000E-001
   1.006796000000000E-001   5.290753000000000E-001
   4.130619000000000E-001   1.701473000000000E-001
   1.701473000000000E-001   4.130619000000000E-001
   3.758664000000000E-002   6.721716000000000E-001
   6.721716000000000E-001   3.758664000000000E-002
   6.157256000000000E-001   5.807135000000000E-002
   5.807135000000000E-002   6.157256000000000E-001
   7.269736000000000E-001   1.879332000000000E-002
   1.879332000000000E-002   7.269736000000000E-001
   8.047602000000000E-001   0.000000000000000E+000
   0.000000000000000E+000   8.047602000000000E-001
   4.418493000000000E-001   1.464752000000000E-001
   1.464752000000000E-001   4.418493000000000E-001
   7.855607000000001E-002   5.581507000000000E-001
   5.581507000000000E-001   7.855607000000001E-002
   7.796677000000000E-001   0.000000000000000E+000
   0.000000000000000E+000   7.796677000000000E-001
   1.228031000000000E-001   4.709247000000000E-001
   4.709247000000000E-001   1.228031000000000E-001
   6.439486000000000E-001   3.758664000000000E-002
   3.758664000000000E-002   6.439486000000000E-001
   6.995726000000000E-001   1.879332000000000E-002
   1.879332000000000E-002   6.995726000000000E-001
   3.004274000000000E-001   2.466794000000000E-001
   2.466794000000000E-001   3.004274000000000E-001
   2.730264000000000E-001   2.730264000000000E-001
   5.869381000000000E-001   5.807135000000000E-002
   5.807135000000000E-002   5.869381000000000E-001
   5.000000000000000E-001   1.006796000000000E-001
   1.006796000000000E-001   5.000000000000000E-001
   2.203323000000000E-001   3.278284000000000E-001
   3.278284000000000E-001   2.203323000000000E-001
   0.000000000000000E+000   7.533206000000000E-001
   7.533206000000000E-001   0.000000000000000E+000
   1.952398000000000E-001   3.560514000000000E-001
   3.560514000000000E-001   1.952398000000000E-001
   3.842744000000000E-001   1.701473000000000E-001
   1.701473000000000E-001   3.842744000000000E-001
   6.721716000000000E-001   1.879332000000000E-002
   1.879332000000000E-002   6.721716000000000E-001
   7.855607000000001E-002   5.290753000000000E-001
   5.290753000000000E-001   7.855607000000001E-002
   4.130619000000000E-001   1.464752000000000E-001
   1.464752000000000E-001   4.130619000000000E-001
   6.157256000000000E-001   3.758664000000000E-002
   3.758664000000000E-002   6.157256000000000E-001
   7.269736000000000E-001   0.000000000000000E+000
   0.000000000000000E+000   7.269736000000000E-001
   4.418493000000000E-001   1.228031000000000E-001
   1.228031000000000E-001   4.418493000000000E-001
   5.581507000000000E-001   5.807135000000000E-002
   5.807135000000000E-002   5.581507000000000E-001
   4.709247000000000E-001   1.006796000000000E-001
   1.006796000000000E-001   4.709247000000000E-001
   6.439486000000000E-001   1.879332000000000E-002
   1.879332000000000E-002   6.439486000000000E-001
   0.000000000000000E+000   6.995726000000000E-001
   6.995726000000000E-001   0.000000000000000E+000
   2.730264000000000E-001   2.466794000000000E-001
   2.466794000000000E-001   2.730264000000000E-001
   5.869381000000000E-001   3.758664000000000E-002
   3.758664000000000E-002   5.869381000000000E-001
   2.203323000000000E-001   3.004274000000000E-001
   3.004274000000000E-001   2.203323000000000E-001
   5.000000000000000E-001   7.855607000000001E-002
   7.855607000000001E-002   5.000000000000000E-001
   1.952398000000000E-001   3.278284000000000E-001
   3.278284000000000E-001   1.952398000000000E-001
   1.701473000000000E-001   3.560514000000000E-001
   3.560514000000000E-001   1.701473000000000E-001
   0.000000000000000E+000   6.721716000000000E-001
   6.721716000000000E-001   0.000000000000000E+000
   3.842744000000000E-001   1.464752000000000E-001
   1.464752000000000E-001   3.842744000000000E-001
   5.807135000000000E-002   5.290753000000000E-001
   5.290753000000000E-001   5.807135000000000E-002
   6.157256000000000E-001   1.879332000000000E-002
   1.879332000000000E-002   6.157256000000000E-001
   4.130619000000000E-001   1.228031000000000E-001
   1.228031000000000E-001   4.130619000000000E-001
   4.418493000000000E-001   1.006796000000000E-001
   1.006796000000000E-001   4.418493000000000E-001
   5.581507000000000E-001   3.758664000000000E-002
   3.758664000000000E-002   5.581507000000000E-001
   6.439486000000000E-001   0.000000000000000E+000
   0.000000000000000E+000   6.439486000000000E-001
   7.855607000000001E-002   4.709247000000000E-001
   4.709247000000000E-001   7.855607000000001E-002
   5.869381000000000E-001   1.879332000000000E-002
   1.879332000000000E-002   5.869381000000000E-001
   2.466794000000000E-001   2.466794000000000E-001
   2.203323000000000E-001   2.730264000000000E-001
   2.730264000000000E-001   2.203323000000000E-001
   1.952398000000000E-001   3.004274000000000E-001
   3.004274000000000E-001   1.952398000000000E-001
   5.000000000000000E-001   5.807135000000000E-002
   5.807135000000000E-002   5.000000000000000E-001
   1.701473000000000E-001   3.278284000000000E-001
   3.278284000000000E-001   1.701473000000000E-001
   3.560514000000000E-001   1.464752000000000E-001
   1.464752000000000E-001   3.560514000000000E-001
   6.157256000000000E-001   0.000000000000000E+000
   0.000000000000000E+000   6.157256000000000E-001
   5.290753000000000E-001   3.758664000000000E-002
   3.758664000000000E-002   5.290753000000000E-001
   3.842744000000000E-001   1.228031000000000E-001
   1.228031000000000E-001   3.842744000000000E-001
   4.130619000000000E-001   1.006796000000000E-001
   1.006796000000000E-001   4.130619000000000E-001
   5.581507000000000E-001   1.879332000000000E-002
   1.879332000000000E-002   5.581507000000000E-001
   7.855607000000001E-002   4.418493000000000E-001
   4.418493000000000E-001   7.855607000000001E-002
   4.709247000000000E-001   5.807135000000000E-002
   5.807135000000000E-002   4.709247000000000E-001
   5.869381000000000E-001   0.000000000000000E+000
   0.000000000000000E+000   5.869381000000000E-001
   2.203323000000000E-001   2.466794000000000E-001
   2.466794000000000E-001   2.203323000000000E-001
   1.952398000000000E-001   2.730264000000000E-001
   2.730264000000000E-001   1.952398000000000E-001
   5.000000000000000E-001   3.758664000000000E-002
   3.758664000000000E-002   5.000000000000000E-001
   1.701473000000000E-001   3.004274000000000E-001
   3.004274000000000E-001   1.701473000000000E-001
   1.464752000000000E-001   3.278284000000000E-001
   3.278284000000000E-001   1.464752000000000E-001
   3.560514000000000E-001   1.228031000000000E-001
   1.228031000000000E-001   3.560514000000000E-001
   5.290753000000000E-001   1.879332000000000E-002
   1.879332000000000E-002   5.290753000000000E-001
   3.842744000000000E-001   1.006796000000000E-001
   1.006796000000000E-001   3.842744000000000E-001
   4.130619000000000E-001   7.855607000000001E-002
   7.855607000000001E-002   4.130619000000000E-001
   5.581507000000000E-001   0.000000000000000E+000
   0.000000000000000E+000   5.581507000000000E-001
   4.418493000000000E-001   5.807135000000000E-002
   5.807135000000000E-002   4.418493000000000E-001
   4.709247000000000E-001   3.758664000000000E-002
   3.758664000000000E-002   4.709247000000000E-001
   5.000000000000000E-001   1.879332000000000E-002
   1.879332000000000E-002   5.000000000000000E-001
   1.952398000000000E-001   2.466794000000000E-001
   2.466794000000000E-001   1.952398000000000E-001
   2.203323000000000E-001   2.203323000000000E-001
   2.730264000000000E-001   1.701473000000000E-001
   1.701473000000000E-001   2.730264000000000E-001
   1.464752000000000E-001   3.004274000000000E-001
   3.004274000000000E-001   1.464752000000000E-001
   1.228031000000000E-001   3.278284000000000E-001
   3.278284000000000E-001   1.228031000000000E-001
   0.000000000000000E+000   5.290753000000000E-001
   5.290753000000000E-001   0.000000000000000E+000
   3.560514000000000E-001   1.006796000000000E-001
   1.006796000000000E-001   3.560514000000000E-001
   7.855607000000001E-002   3.842744000000000E-001
   3.842744000000000E-001   7.855607000000001E-002
   5.807135000000000E-002   4.130619000000000E-001
   4.130619000000000E-001   5.807135000000000E-002
   4.418493000000000E-001   3.758664000000000E-002
   3.758664000000000E-002   4.418493000000000E-001
   4.709247000000000E-001   1.879332000000000E-002
   1.879332000000000E-002   4.709247000000000E-001
   0.000000000000000E+000   5.000000000000000E-001
   5.000000000000000E-001   0.000000000000000E+000
   1.952398000000000E-001   2.203323000000000E-001
   2.203323000000000E-001   1.952398000000000E-001
   2.466794000000000E-001   1.701473000000000E-001
   1.701473000000000E-001   2.466794000000000E-001
   2.730264000000000E-001   1.464752000000000E-001
   1.464752000000000E-001   2.730264000000000E-001
   3.004274000000000E-001   1.228031000000000E-001
   1.228031000000000E-001   3.004274000000000E-001
   1.006796000000000E-001   3.278284000000000E-001
   3.278284000000000E-001   1.006796000000000E-001
   3.560514000000000E-001   7.855607000000001E-002
   7.855607000000001E-002   3.560514000000000E-001
   3.842744000000000E-001   5.807135000000000E-002
   5.807135000000000E-002   3.842744000000000E-001
   3.758664000000000E-002   4.130619000000000E-001
   4.130619000000000E-001   3.758664000000000E-002
   4.418493000000000E-001   1.879332000000000E-002
   1.879332000000000E-002   4.418493000000000E-001
   4.709247000000000E-001   0.000000000000000E+000
   0.000000000000000E+000   4.709247000000000E-001
   1.952398000000000E-001   1.952398000000000E-001
   2.466794000000000E-001   1.464752000000000E-001
   1.464752000000000E-001   2.466794000000000E-001
   1.701473000000000E-001   2.203323000000000E-001
   2.203323000000000E-001   1.701473000000000E-001
   1.228031000000000E-001   2.730264000000000E-001
   2.730264000000000E-001   1.228031000000000E-001
   1.006796000000000E-001   3.004274000000000E-001
   3.004274000000000E-001   1.006796000000000E-001
   7.855607000000001E-002   3.278284000000000E-001
   3.278284000000000E-001   7.855607000000001E-002
   3.560514000000000E-001   5.807135000000000E-002
   5.807135000000000E-002   3.560514000000000E-001
   3.758664000000000E-002   3.842744000000000E-001
   3.842744000000000E-001   3.758664000000000E-002
   4.130619000000000E-001   1.879332000000000E-002
   1.879332000000000E-002   4.130619000000000E-001
   4.418493000000000E-001   0.000000000000000E+000
   0.000000000000000E+000   4.418493000000000E-001
   1.952398000000000E-001   1.701473000000000E-001
   1.701473000000000E-001   1.952398000000000E-001
   1.464752000000000E-001   2.203323000000000E-001
   2.203323000000000E-001   1.464752000000000E-001
   1.228031000000000E-001   2.466794000000000E-001
   2.466794000000000E-001   1.228031000000000E-001
   1.006796000000000E-001   2.730264000000000E-001
   2.730264000000000E-001   1.006796000000000E-001
   3.004274000000000E-001   7.855607000000001E-002
   7.855607000000001E-002   3.004274000000000E-001
   3.278284000000000E-001   5.807135000000000E-002
   5.807135000000000E-002   3.278284000000000E-001
   3.758664000000000E-002   3.560514000000000E-001
   3.560514000000000E-001   3.758664000000000E-002
   3.842744000000000E-001   1.879332000000000E-002
   1.879332000000000E-002   3.842744000000000E-001
   0.000000000000000E+000   4.130619000000000E-001
   4.130619000000000E-001   0.000000000000000E+000
   1.952398000000000E-001   1.464752000000000E-001
   1.464752000000000E-001   1.952398000000000E-001
   1.006796000000000E-001   2.466794000000000E-001
   2.466794000000000E-001   1.006796000000000E-001
   3.004274000000000E-001   5.807135000000000E-002
   5.807135000000000E-002   3.004274000000000E-001
   1.701473000000000E-001   1.701473000000000E-001
   2.203323000000000E-001   1.228031000000000E-001
   1.228031000000000E-001   2.203323000000000E-001
   3.560514000000000E-001   1.879332000000000E-002
   1.879332000000000E-002   3.560514000000000E-001
   2.730264000000000E-001   7.855607000000001E-002
   7.855607000000001E-002   2.730264000000000E-001
   3.278284000000000E-001   3.758664000000000E-002
   3.758664000000000E-002   3.278284000000000E-001
   3.842744000000000E-001   0.000000000000000E+000
   0.000000000000000E+000   3.842744000000000E-001
   3.278284000000000E-001   1.879332000000000E-002
   1.879332000000000E-002   3.278284000000000E-001
   3.560514000000000E-001   0.000000000000000E+000
   0.000000000000000E+000   3.560514000000000E-001
   3.004274000000000E-001   3.758664000000000E-002
   3.758664000000000E-002   3.004274000000000E-001
   5.807135000000000E-002   2.730264000000000E-001
   2.730264000000000E-001   5.807135000000000E-002
   2.466794000000000E-001   7.855607000000001E-002
   7.855607000000001E-002   2.466794000000000E-001
   2.203323000000000E-001   1.006796000000000E-001
   1.006796000000000E-001   2.203323000000000E-001
   1.952398000000000E-001   1.228031000000000E-001
   1.228031000000000E-001   1.952398000000000E-001
   1.701473000000000E-001   1.464752000000000E-001
   1.464752000000000E-001   1.701473000000000E-001
   0.000000000000000E+000   3.278284000000000E-001
   3.278284000000000E-001   0.000000000000000E+000
   1.879332000000000E-002   3.004274000000000E-001
   3.004274000000000E-001   1.879332000000000E-002
   2.466794000000000E-001   5.807135000000000E-002
   5.807135000000000E-002   2.466794000000000E-001
   3.758664000000000E-002   2.730264000000000E-001
   2.730264000000000E-001   3.758664000000000E-002
   1.952398000000000E-001   1.006796000000000E-001
   1.006796000000000E-001   1.952398000000000E-001
   2.203323000000000E-001   7.855607000000001E-002
   7.855607000000001E-002   2.203323000000000E-001
   1.464752000000000E-001   1.464752000000000E-001
   1.701473000000000E-001   1.228031000000000E-001
   1.228031000000000E-001   1.701473000000000E-001
   3.004274000000000E-001   0.000000000000000E+000
   0.000000000000000E+000   3.004274000000000E-001
   2.730264000000000E-001   1.879332000000000E-002
   1.879332000000000E-002   2.730264000000000E-001
   2.466794000000000E-001   3.758664000000000E-002
   3.758664000000000E-002   2.466794000000000E-001
   2.203323000000000E-001   5.807135000000000E-002
   5.807135000000000E-002   2.203323000000000E-001
   1.952398000000000E-001   7.855607000000001E-002
   7.855607000000001E-002   1.952398000000000E-001
   1.701473000000000E-001   1.006796000000000E-001
   1.006796000000000E-001   1.701473000000000E-001
   1.464752000000000E-001   1.228031000000000E-001
   1.228031000000000E-001   1.464752000000000E-001
   0.000000000000000E+000   2.730264000000000E-001
   2.730264000000000E-001   0.000000000000000E+000
   1.879332000000000E-002   2.466794000000000E-001
   2.466794000000000E-001   1.879332000000000E-002
   2.203323000000000E-001   3.758664000000000E-002
   3.758664000000000E-002   2.203323000000000E-001
   1.952398000000000E-001   5.807135000000000E-002
   5.807135000000000E-002   1.952398000000000E-001
   1.464752000000000E-001   1.006796000000000E-001
   1.006796000000000E-001   1.464752000000000E-001
   1.701473000000000E-001   7.855607000000001E-002
   7.855607000000001E-002   1.701473000000000E-001
   1.228031000000000E-001   1.228031000000000E-001
   2.466794000000000E-001   0.000000000000000E+000
   0.000000000000000E+000   2.466794000000000E-001
   2.203323000000000E-001   1.879332000000000E-002
   1.879332000000000E-002   2.203323000000000E-001
   1.952398000000000E-001   3.758664000000000E-002
   3.758664000000000E-002   1.952398000000000E-001
   1.701473000000000E-001   5.807135000000000E-002
   5.807135000000000E-002   1.701473000000000E-001
   7.855607000000001E-002   1.464752000000000E-001
   1.464752000000000E-001   7.855607000000001E-002
   1.228031000000000E-001   1.006796000000000E-001
   1.006796000000000E-001   1.228031000000000E-001
   2.203323000000000E-001   0.000000000000000E+000
   0.000000000000000E+000   2.203323000000000E-001
   1.952398000000000E-001   1.879332000000000E-002
   1.879332000000000E-002   1.952398000000000E-001
   1.701473000000000E-001   3.758664000000000E-002
   3.758664000000000E-002   1.701473000000000E-001
   5.807135000000000E-002   1.464752000000000E-001
   1.464752000000000E-001   5.807135000000000E-002
   1.006796000000000E-001   1.006796000000000E-001
   1.228031000000000E-001   7.855607000000001E-002
   7.855607000000001E-002   1.228031000000000E-001
   1.952398000000000E-001   0.000000000000000E+000
   0.000000000000000E+000   1.952398000000000E-001
   1.701473000000000E-001   1.879332000000000E-002
   1.879332000000000E-002   1.701473000000000E-001
   3.758664000000000E-002   1.464752000000000E-001
   1.464752000000000E-001   3.758664000000000E-002
   1.228031000000000E-001   5.807135000000000E-002
   5.807135000000000E-002   1.228031000000000E-001
   7.855607000000001E-002   1.006796000000000E-001
   1.006796000000000E-001   7.855607000000001E-002
   1.701473000000000E-001   0.000000000000000E+000
   0.000000000000000E+000   1.701473000000000E-001
   1.879332000000000E-002   1.464752000000000E-001
   1.464752000000000E-001   1.879332000000000E-002
   1.228031000000000E-001   3.758664000000000E-002
   3.758664000000000E-002   1.228031000000000E-001
   1.006796000000000E-001   5.807135000000000E-002
   5.807135000000000E-002   1.006796000000000E-001
   7.855607000000001E-002   7.855607000000001E-002
   0.000000000000000E+000   1.464752000000000E-001
   1.464752000000000E-001   0.000000000000000E+000
   1.879332000000000E-002   1.228031000000000E-001
   1.228031000000000E-001   1.879332000000000E-002
   3.758664000000000E-002   1.006796000000000E-001
   1.006796000000000E-001   3.758664000000000E-002
   7.855607000000001E-002   5.807135000000000E-002
   5.807135000000000E-002   7.855607000000001E-002
   1.228031000000000E-001   0.000000000000000E+000
   0.000000000000000E+000   1.228031000000000E-001
   1.006796000000000E-001   1.879332000000000E-002
   1.879332000000000E-002   1.006796000000000E-001
   5.807135000000000E-002   5.807135000000000E-002
   7.855607000000001E-002   3.758664000000000E-002
   3.758664000000000E-002   7.855607000000001E-002
   0.000000000000000E+000   1.006796000000000E-001
   1.006796000000000E-001   0.000000000000000E+000
   7.855607000000001E-002   1.879332000000000E-002
   1.879332000000000E-002   7.855607000000001E-002
   5.807135000000000E-002   3.758664000000000E-002
   3.758664000000000E-002   5.807135000000000E-002
   0.000000000000000E+000   7.855607000000001E-002
   7.855607000000001E-002   0.000000000000000E+000
   5.807135000000000E-002   1.879332000000000E-002
   1.879332000000000E-002   5.807135000000000E-002
   3.758664000000000E-002   3.758664000000000E-002
   5.807135000000000E-002   0.000000000000000E+000
   0.000000000000000E+000   5.807135000000000E-002
   1.879332000000000E-002   3.758664000000000E-002
   3.758664000000000E-002   1.879332000000000E-002
   1.879332000000000E-002   1.879332000000000E-002
   3.758664000000000E-002   0.000000000000000E+000
   0.000000000000000E+000   3.758664000000000E-002
   0.000000000000000E+000   1.879332000000000E-002
   1.879332000000000E-002   0.000000000000000E+000
   0.000000000000000E+000   0.000000000000000E+000
