     400
    1677   1671   1678   1681   1675   1674   1679   1680   1676      1
    1668   1659   1671   1677   1663   1665   1675   1672   1669      1
    1654   1641   1659   1668   1649   1651   1663   1662   1656      1
    1637   1620   1641   1654   1629   1632   1649   1647   1640      1
    1616   1595   1620   1637   1606   1608   1629   1627   1618      1
    1592   1569   1595   1616   1579   1581   1606   1604   1594      1
    1563   1542   1569   1592   1546   1550   1579   1577   1565      1
    1544   1506   1542   1563   1525   1524   1546   1548   1538      1
    1509   1466   1506   1544   1488   1487   1525   1528   1507      1
    1471   1427   1466   1509   1447   1445   1488   1490   1468      1
    1441   1388   1427   1471   1415   1409   1447   1459   1435      1
    1407   1350   1388   1441   1382   1366   1415   1421   1394      1
    1377   1310   1350   1407   1344   1325   1382   1390   1360      1
    1352   1263   1310   1377   1313   1286   1344   1363   1327      1
    1321   1224   1263   1352   1279   1245   1313   1339   1300      1
    1303   1197   1224   1321   1249   1213   1279   1315   1266      1
    1284   1183   1197   1303   1231   1188   1249   1295   1242      1
    1273   1167   1183   1284   1221   1173   1231   1278   1223      1
    1268   1163   1167   1273   1210   1165   1221   1270   1217      1
    1257   1157   1163   1268   1207   1159   1210   1261   1209      1
    1671   1660   1667   1678   1666   1664   1673   1674   1670      1
    1659   1645   1660   1671   1652   1653   1666   1665   1658      1
    1641   1625   1645   1659   1633   1636   1652   1651   1643      1
    1620   1601   1625   1641   1610   1613   1633   1632   1623      1
    1595   1572   1601   1620   1583   1585   1610   1608   1597      1
    1569   1540   1572   1595   1553   1554   1583   1581   1566      1
    1542   1502   1540   1569   1521   1519   1553   1550   1533      1
    1506   1463   1502   1542   1484   1482   1521   1524   1503      1
    1466   1418   1463   1506   1443   1439   1484   1487   1465      1
    1427   1370   1418   1466   1401   1393   1443   1445   1419      1
    1388   1320   1370   1427   1356   1347   1401   1409   1381      1
    1350   1255   1320   1388   1311   1293   1356   1366   1332      1
    1310   1200   1255   1350   1254   1226   1311   1325   1281      1
    1263   1150   1200   1310   1204   1176   1254   1286   1229      1
    1224   1119   1150   1263   1170   1136   1204   1245   1190      1
    1197   1093   1119   1224   1142   1101   1170   1213   1154      1
    1183   1076   1093   1197   1128   1085   1142   1188   1135      1
    1167   1062   1076   1183   1114   1070   1128   1173   1118      1
    1163   1058   1062   1167   1109   1060   1114   1165   1111      1
    1157   1054   1058   1163   1104   1056   1109   1159   1106      1
    1660   1642   1655   1667   1650   1648   1661   1664   1657      1
    1645   1626   1642   1660   1635   1634   1650   1653   1644      1
    1625   1603   1626   1645   1614   1615   1635   1636   1624      1
    1601   1575   1603   1625   1587   1589   1614   1613   1599      1
    1572   1536   1575   1601   1556   1558   1587   1585   1570      1
    1540   1498   1536   1572   1518   1516   1556   1554   1532      1
    1502   1457   1498   1540   1481   1478   1518   1519   1500      1
    1463   1411   1457   1502   1437   1433   1481   1482   1460      1
    1418   1354   1411   1463   1386   1384   1437   1439   1413      1
    1370   1291   1354   1418   1334   1324   1386   1393   1358      1
    1320   1214   1291   1370   1271   1247   1334   1347   1305      1
    1255   1146   1214   1320   1198   1178   1271   1293   1235      1
    1200   1092   1146   1255   1145   1116   1198   1226   1168      1
    1150   1047   1092   1200   1098   1074   1145   1176   1123      1
    1119   1016   1047   1150   1066   1031   1098   1136   1084      1
    1093    990   1016   1119   1042    999   1066   1101   1050      1
    1076    975    990   1093   1025    980   1042   1085   1030      1
    1062    963    975   1076   1010    973   1025   1070   1022      1
    1058    957    963   1062   1006    958   1010   1060   1009      1
    1054    952    957   1058   1002    955   1006   1056   1004      1
    1642   1621   1638   1655   1631   1630   1646   1648   1639      1
    1626   1602   1621   1642   1612   1611   1631   1634   1622      1
    1603   1576   1602   1626   1590   1588   1612   1615   1600      1
    1575   1535   1576   1603   1560   1561   1590   1589   1574      1
    1536   1496   1535   1575   1514   1511   1560   1558   1529      1
    1498   1452   1496   1536   1476   1474   1514   1516   1493      1
    1457   1404   1452   1498   1432   1430   1476   1478   1455      1
    1411   1342   1404   1457   1378   1375   1432   1433   1405      1
    1354   1259   1342   1411   1317   1307   1378   1384   1348      1
    1291   1174   1259   1354   1232   1218   1317   1324   1275      1
    1214   1099   1174   1291   1152   1139   1232   1247   1192      1
    1146   1039   1099   1214   1089   1072   1152   1178   1125      1
    1092    986   1039   1146   1038   1012   1089   1116   1064      1
    1047    944    986   1092    994    970   1038   1074   1020      1
    1016    915    944   1047    964    927    994   1031    978      1
     990    889    915   1016    937    899    964    999    948      1
     975    877    889    990    925    881    937    980    929      1
     963    865    877    975    913    871    925    973    922      1
     957    855    865    963    906    859    913    958    909      1
     952    850    855    957    902    853    906    955    904      1
    1621   1596   1617   1638   1609   1607   1628   1630   1619      1
    1602   1573   1596   1621   1586   1584   1609   1611   1598      1
    1576   1537   1573   1602   1559   1557   1586   1588   1571      1
    1535   1495   1537   1576   1512   1513   1559   1561   1530      1
    1496   1451   1495   1535   1473   1472   1512   1511   1492      1
    1452   1398   1451   1496   1426   1424   1473   1474   1450      1
    1404   1337   1398   1452   1373   1369   1426   1430   1400      1
    1342   1243   1337   1404   1301   1298   1373   1375   1341      1
    1259   1148   1243   1342   1203   1195   1301   1307   1251      1
    1174   1067   1148   1259   1121   1107   1203   1218   1160      1
    1099    996   1067   1174   1046   1027   1121   1139   1081      1
    1039    935    996   1099    984    968   1046   1072   1018      1
     986    887    935   1039    934    911    984   1012    960      1
     944    844    887    986    891    869    934    970    917      1
     915    818    844    944    867    832    891    927    879      1
     889    794    818    915    842    800    867    899    848      1
     877    779    794    889    828    788    842    881    834      1
     865    767    779    877    812    774    828    871    822      1
     855    761    767    865    808    765    812    859    810      1
     850    757    761    855    804    759    808    853    806      1
    1596   1568   1591   1617   1582   1580   1605   1607   1593      1
    1573   1541   1568   1596   1555   1552   1582   1584   1567      1
    1537   1497   1541   1573   1515   1517   1555   1557   1531      1
    1495   1453   1497   1537   1475   1477   1515   1513   1494      1
    1451   1397   1453   1495   1423   1425   1475   1472   1449      1
    1398   1331   1397   1451   1364   1365   1423   1424   1396      1
    1337   1237   1331   1398   1289   1287   1364   1369   1329      1
    1243   1133   1237   1337   1187   1184   1289   1298   1239      1
    1148   1043   1133   1243   1095   1088   1187   1195   1140      1
    1067    966   1043   1148   1014   1001   1095   1107   1051      1
     996    896    966   1067    942    931   1014   1027    976      1
     935    840    896    996    886    873    942    968    919      1
     887    790    840    935    838    815    886    911    861      1
     844    754    790    887    798    775    838    869    821      1
     818    725    754    844    769    739    798    832    785      1
     794    698    725    818    745    711    769    800    756      1
     779    690    698    794    734    694    745    788    738      1
     767    678    690    779    721    682    734    774    728      1
     761    670    678    767    717    674    721    765    719      1
     757    666    670    761    713    668    717    759    716      1
    1568   1543   1562   1591   1551   1547   1578   1580   1564      1
    1541   1501   1543   1568   1520   1522   1551   1552   1534      1
    1497   1456   1501   1541   1479   1480   1520   1517   1499      1
    1453   1403   1456   1497   1429   1431   1479   1477   1454      1
    1397   1336   1403   1453   1368   1372   1429   1425   1399      1
    1331   1238   1336   1397   1288   1290   1368   1365   1330      1
    1237   1129   1238   1331   1181   1180   1288   1287   1234      1
    1133   1033   1129   1237   1079   1077   1181   1184   1130      1
    1043    946   1033   1133    992    988   1079   1088   1035      1
     966    875    946   1043    923    907    992   1001    951      1
     896    802    875    966    846    836    923    931    883      1
     840    749    802    896    796    777    846    873    826      1
     790    700    749    840    748    729    796    815    771      1
     754    661    700    790    707    688    748    775    731      1
     725    639    661    754    680    652    707    739    696      1
     698    613    639    725    656    625    680    711    664      1
     690    600    613    698    643    607    656    694    650      1
     678    591    600    690    633    595    643    682    635      1
     670    586    591    678    627    590    633    674    631      1
     666    578    586    670    621    582    627    668    623      1
    1543   1505   1545   1562   1523   1526   1549   1547   1539      1
    1501   1462   1505   1543   1483   1485   1523   1522   1504      1
    1456   1412   1462   1501   1434   1438   1483   1480   1461      1
    1403   1343   1412   1456   1374   1379   1434   1431   1406      1
    1336   1244   1343   1403   1297   1302   1374   1372   1340      1
    1238   1132   1244   1336   1185   1186   1297   1290   1240      1
    1129   1034   1132   1238   1078   1080   1185   1180   1131      1
    1033    939   1034   1129    982    983   1078   1077   1026      1
     946    857    939   1033    897    894    982    988    940      1
     875    786    857    946    830    825    897    907    863      1
     802    723    786    875    763    751    830    836    792      1
     749    663    723    802    705    692    763    777    735      1
     700    617    663    749    658    646    705    729    686      1
     661    588    617    700    619    601    658    688    644      1
     639    558    588    661    597    568    619    652    611      1
     613    532    558    639    571    542    597    625    583      1
     600    520    532    613    560    525    571    607    564      1
     591    507    520    600    552    513    560    595    554      1
     586    501    507    591    538    503    552    590    544      1
     578    497    501    586    534    499    538    582    536      1
    1505   1467   1510   1545   1486   1489   1527   1526   1508      1
    1462   1417   1467   1505   1440   1444   1486   1485   1464      1
    1412   1355   1417   1462   1385   1387   1440   1438   1414      1
    1343   1260   1355   1412   1308   1318   1385   1379   1349      1
    1244   1149   1260   1343   1194   1202   1308   1302   1252      1
    1132   1044   1149   1244   1087   1096   1194   1186   1141      1
    1034    947   1044   1132    989    993   1087   1080   1036      1
     939    858    947   1034    893    898    989    983    941      1
     857    781    858    939    816    817    893    894    852      1
     786    704    781    857    743    741    816    825    783      1
     723    649    704    786    684    677    743    751    709      1
     663    593    649    723    629    615    684    692    654      1
     617    547    593    663    579    566    629    646    603      1
     588    509    547    617    549    526    579    601    562      1
     558    482    509    588    518    491    549    568    528      1
     532    452    482    558    493    469    518    542    505      1
     520    442    452    532    479    448    493    525    485      1
     507    430    442    520    471    436    479    513    475      1
     501    426    430    507    463    428    471    503    465      1
     497    420    426    501    459    423    463    499    461      1
    1467   1428   1470   1510   1446   1448   1491   1489   1469      1
    1417   1371   1428   1467   1392   1402   1446   1444   1420      1
    1355   1292   1371   1417   1323   1335   1392   1387   1359      1
    1260   1175   1292   1355   1219   1233   1323   1318   1276      1
    1149   1068   1175   1260   1108   1122   1219   1202   1161      1
    1044    967   1068   1149   1000   1015   1108   1096   1052      1
     947    876    967   1044    908    924   1000    993    950      1
     858    787    876    947    824    831    908    898    864      1
     781    703    787    858    742    744    824    817    782      1
     704    637    703    781    672    673    742    741    702      1
     649    574    637    704    610    606    672    677    640      1
     593    523    574    649    556    551    610    615    575      1
     547    478    523    593    511    495    556    566    530      1
     509    440    478    547    474    450    511    526    489      1
     482    410    440    509    444    418    474    491    454      1
     452    383    410    482    416    399    444    469    432      1
     442    371    383    452    403    377    416    448    412      1
     430    363    371    442    397    367    403    436    401      1
     426    354    363    430    389    356    397    428    393      1
     420    348    354    426    385    350    389    423    387      1
    1428   1389   1442   1470   1410   1416   1458   1448   1436      1
    1371   1319   1389   1428   1346   1357   1410   1402   1380      1
    1292   1215   1319   1371   1248   1272   1346   1335   1306      1
    1175   1100   1215   1292   1138   1153   1248   1233   1193      1
    1068    997   1100   1175   1028   1045   1138   1122   1082      1
     967    895    997   1068    932    943   1028   1015    977      1
     876    803    895    967    837    847    932    924    884      1
     787    724    803    876    752    764    837    831    793      1
     703    648    724    787    676    685    752    744    710      1
     637    573    648    703    605    609    676    673    641      1
     574    515    573    637    541    540    605    606    570      1
     523    457    515    574    487    483    541    551    516      1
     478    414    457    523    446    439    487    495    468      1
     440    374    414    478    406    395    446    450    424      1
     410    344    374    440    375    362    406    418    391      1
     383    324    344    410    352    334    375    399    365      1
     371    307    324    383    338    310    352    377    342      1
     363    299    307    371    328    301    338    367    332      1
     354    289    299    363    322    293    328    356    326      1
     348    283    289    354    316    285    322    350    318      1
    1389   1351   1408   1442   1367   1383   1422   1416   1395      1
    1319   1256   1351   1389   1294   1312   1367   1357   1333      1
    1215   1147   1256   1319   1179   1199   1294   1272   1236      1
    1100   1040   1147   1215   1071   1090   1179   1153   1126      1
     997    936   1040   1100    969    985   1071   1045   1019      1
     895    841    936    997    874    885    969    943    920      1
     803    750    841    895    778    797    874    847    827      1
     724    662    750    803    693    706    778    764    736      1
     648    594    662    724    616    630    693    685    655      1
     573    522    594    648    550    557    616    609    576      1
     515    458    522    573    484    488    550    540    517      1
     457    405    458    515    434    435    484    483    456      1
     414    359    405    457    381    379    434    439    408      1
     374    321    359    414    347    340    381    395    369      1
     344    287    321    374    315    303    347    362    331      1
     324    267    287    344    295    278    315    334    306      1
     307    246    267    324    275    254    295    310    281      1
     299    238    246    307    268    244    275    301    272      1
     289    231    238    299    260    234    268    293    262      1
     283    225    231    289    256    228    260    285    258      1
    1351   1309   1376   1408   1326   1345   1391   1383   1361      1
    1256   1201   1309   1351   1227   1253   1326   1312   1282      1
    1147   1091   1201   1256   1115   1144   1227   1199   1169      1
    1040    987   1091   1147   1013   1037   1115   1090   1063      1
     936    888    987   1040    912    933   1013    985    961      1
     841    791    888    936    814    839    912    885    862      1
     750    701    791    841    730    747    814    797    772      1
     662    618    701    750    647    659    730    706    687      1
     594    546    618    662    567    580    647    630    604      1
     522    477    546    594    496    512    567    557    531      1
     458    415    477    522    438    447    496    488    467      1
     405    360    415    458    380    382    438    435    409      1
     359    309    360    405    337    336    380    379    358      1
     321    274    309    359    297    291    337    340    313      1
     287    243    274    321    265    252    297    303    279      1
     267    215    243    287    241    223    265    278    251      1
     246    196    215    267    222    207    241    254    229      1
     238    189    196    246    212    191    222    244    217      1
     231    178    189    238    203    182    212    234    210      1
     225    175    178    231    199    176    203    228    201      1
    1309   1264   1353   1376   1285   1314   1362   1345   1328      1
    1201   1151   1264   1309   1177   1205   1285   1253   1228      1
    1091   1048   1151   1201   1073   1097   1177   1144   1124      1
     987    945   1048   1091    971    995   1073   1037   1021      1
     888    845    945    987    870    892    971    933    918      1
     791    753    845    888    776    799    870    839    820      1
     701    660    753    791    689    708    776    747    732      1
     618    587    660    701    602    620    689    659    645      1
     546    510    587    618    527    548    602    580    563      1
     477    441    510    546    451    473    527    512    490      1
     415    373    441    477    396    407    451    447    425      1
     360    320    373    415    341    346    396    382    370      1
     309    273    320    360    292    298    341    336    312      1
     274    233    273    309    249    248    292    291    270      1
     243    197    233    274    219    213    249    252    236      1
     215    170    197    243    192    186    219    223    205      1
     196    149    170    215    172    162    192    207    184      1
     189    141    149    196    163    145    172    191    168      1
     178    134    141    189    157    139    163    182    159      1
     175    128    134    178    153    130    157    176    155      1
    1264   1225   1322   1353   1246   1280   1338   1314   1299      1
    1151   1120   1225   1264   1137   1171   1246   1205   1191      1
    1048   1017   1120   1151   1032   1065   1137   1097   1083      1
     945    916   1017   1048    928    965   1032    995    979      1
     845    819    916    945    833    868    928    892    880      1
     753    726    819    845    740    770    833    799    784      1
     660    638    726    753    653    681    740    708    697      1
     587    559    638    660    569    598    653    620    612      1
     510    481    559    587    492    519    569    548    529      1
     441    411    481    510    419    445    492    473    455      1
     373    345    411    441    361    376    419    407    392      1
     320    288    345    373    304    314    361    346    330      1
     273    242    288    320    253    264    304    298    280      1
     233    198    242    273    214    220    253    248    237      1
     197    165    198    233    181    180    214    213    194      1
     170    138    165    197    151    147    181    186    167      1
     149    116    138    170    132    125    151    162    143      1
     141    104    116    149    120    107    132    145    126      1
     134     96    104    141    115     99    120    139    118      1
     128     91     96    134    110     93    115    130    112      1
    1225   1196   1304   1322   1212   1250   1316   1280   1265      1
    1120   1094   1196   1225   1102   1143   1212   1171   1155      1
    1017    991   1094   1120    998   1041   1102   1065   1049      1
     916    890    991   1017    900    938    998    965    949      1
     819    795    890    916    801    843    900    868    849      1
     726    699    795    819    712    746    801    770    755      1
     638    614    699    726    626    657    712    681    665      1
     559    533    614    638    543    572    626    598    584      1
     481    453    533    559    470    494    543    519    506      1
     411    384    453    481    400    417    470    445    433      1
     345    325    384    411    335    353    400    376    366      1
     288    266    325    345    277    296    335    314    305      1
     242    216    266    288    224    240    277    264    250      1
     198    171    216    242    187    193    224    220    206      1
     165    137    171    198    148    152    187    180    166      1
     138    105    137    165    122    123    148    147    136      1
     116     85    105    138    101     98    122    125    109      1
     104     70     85    116     87     78    101    107     89      1
      96     64     70    104     80     68     87     99     82      1
      91     59     64     96     74     61     80     93     76      1
    1196   1182   1283   1304   1189   1230   1296   1250   1241      1
    1094   1075   1182   1196   1086   1127   1189   1143   1134      1
     991    974   1075   1094    981   1024   1086   1041   1029      1
     890    878    974    991    882    926    981    938    930      1
     795    780    878    890    789    829    882    843    835      1
     699    691    780    795    695    733    789    746    737      1
     614    599    691    699    608    642    695    657    651      1
     533    521    599    614    524    561    608    572    565      1
     453    443    521    533    449    480    524    494    486      1
     384    372    443    453    378    404    449    417    413      1
     325    308    372    384    311    339    378    353    343      1
     266    247    308    325    255    276    311    296    282      1
     216    195    247    266    208    221    255    240    230      1
     171    150    195    216    161    173    208    193    185      1
     137    117    150    171    124    133    161    152    144      1
     105     86    117    137     97    102    124    123    108      1
      85     63     86    105     72     73     97     98     84      1
      70     45     63     85     58     56     72     78     66      1
      64     40     45     70     52     43     58     68     54      1
      59     35     40     64     47     36     52     61     49      1
    1182   1166   1274   1283   1172   1220   1277   1230   1222      1
    1075   1061   1166   1182   1069   1113   1172   1127   1117      1
     974    962   1061   1075    972   1011   1069   1024   1023      1
     878    866    962    974    872    914    972    926    921      1
     780    768    866    878    773    813    872    829    823      1
     691    679    768    780    683    722    773    733    727      1
     599    592    679    691    596    634    683    642    636      1
     521    508    592    599    514    553    596    561    555      1
     443    431    508    521    437    472    514    480    476      1
     372    364    431    443    368    398    437    404    402      1
     308    300    364    372    302    329    368    339    333      1
     247    239    300    308    245    269    302    276    271      1
     195    188    239    247    190    211    245    221    218      1
     150    142    188    195    146    164    190    173    169      1
     117    103    142    150    106    121    146    133    127      1
      86     71    103    117     79     88    106    102     90      1
      63     46     71     86     55     57     79     73     67      1
      45     31     46     63     39     38     55     56     44      1
      40     21     31     45     30     24     39     43     32      1
      35     16     21     40     26     18     30     36     27      1
    1166   1162   1267   1274   1164   1211   1269   1220   1216      1
    1061   1057   1162   1166   1059   1110   1164   1113   1112      1
     962    956   1057   1061    959   1007   1059   1011   1008      1
     866    856    956    962    860    905    959    914    910      1
     768    762    856    866    766    809    860    813    811      1
     679    671    762    768    675    718    766    722    720      1
     592    585    671    679    589    628    675    634    632      1
     508    502    585    592    504    539    589    553    545      1
     431    427    502    508    429    464    504    472    466      1
     364    355    427    431    357    390    429    398    394      1
     300    290    355    364    294    323    357    329    327      1
     239    232    290    300    235    261    294    269    263      1
     188    179    232    239    183    204    235    211    209      1
     142    135    179    188    140    158    183    164    160      1
     103     95    135    142    100    114    140    121    119      1
      71     65     95    103     69     81    100     88     83      1
      46     41     65     71     42     51     69     57     53      1
      31     22     41     46     23     29     42     38     33      1
      21      9     22     31     14     15     23     24     20      1
      16      5      9     21     11      8     14     18     12      1
    1162   1156   1258   1267   1158   1206   1262   1211   1208      1
    1057   1053   1156   1162   1055   1103   1158   1110   1105      1
     956    953   1053   1057    954   1003   1055   1007   1005      1
     856    851    953    956    854    901    954    905    903      1
     762    758    851    856    760    805    854    809    807      1
     671    667    758    762    669    714    760    718    715      1
     585    577    667    671    581    622    669    628    624      1
     502    498    577    585    500    535    581    539    537      1
     427    421    498    502    422    460    500    464    462      1
     355    349    421    427    351    386    422    390    388      1
     290    284    349    355    286    317    351    323    319      1
     232    226    284    290    227    257    286    261    259      1
     179    174    226    232    177    200    227    204    202      1
     135    129    174    179    131    154    177    158    156      1
      95     92    129    135     94    111    131    114    113      1
      65     60     92     95     62     75     94     81     77      1
      41     34     60     65     37     48     62     51     50      1
      22     17     34     41     19     25     37     29     28      1
       9      6     17     22      7     10     19     15     13      1
       5      1      6      9      2      3      7      8      4      1
