     212
     137    134    122      1
      73     69     66      1
      86     93     82      1
       1      3      4      1
     114    111    103      1
      24     18     20      1
     125    127    113      1
      34     42     35      1
     128    126    116      1
     107    112    100      1
      49     41     40      1
      15     19     16      1
      97     92     84      1
       6      2      5      1
      62     68     58      1
     132    135    121      1
     133    131    120      1
      61     54     53      1
       7     10      8      1
      98    102     90      1
      14      9     12      1
     129    130    117      1
      48     55     45      1
     106    101     96      1
     124    118    110      1
      23     30     25      1
      33     29     31      1
     115    119    108      1
     136    138    123      1
      85     80     76      1
      72     81     70      1
       3      8      4      1
      93     90     82      1
     134    133    120      1
      69     61     53      1
      42     45     35      1
     127    129    117      1
     111    106    103      1
      18     14     12      1
      19     23     25      1
     112    115    100      1
      41     33     40      1
     126    124    116      1
     135    136    123      1
      68     72     58      1
       2      1      5      1
      92     85     84      1
      10     15      8      1
      54     49     53      1
     102    107    100      1
     131    128    120      1
     130    132    117      1
       9      6     12      1
     101     97     84      1
      55     62     58      1
      29     24     20      1
     119    125    108      1
      30     34     25      1
     118    114    103      1
      80     73     66      1
      81     86     82      1
     138    137    123      1
     116    124    110      1
     122    134    120      1
     110    118    103      1
      40     33     31      1
      31     29     20      1
      45     55     58      1
     113    127    117      1
      58     72     70      1
      70     81     82      1
      66     69     53      1
      20     18     12      1
      76     80     66      1
      90    102    100      1
      16     19     25      1
      96    101     84      1
     121    135    123      1
     128    116    120      1
     137    122    123      1
       7      8      3      1
      49     40     53      1
      48     45     42      1
     125    113    108      1
       6      5     12      1
      85     76     84      1
      98     90     93      1
     115    108    100      1
       1      4      5      1
      15     16      8      1
     106     96    103      1
      34     35     25      1
     132    121    117      1
      82     90     77      1
     116    110     99      1
      70     82     77      1
     120    116     99      1
     103     96     87      1
      35     45     39      1
      31     20     26      1
      90    100     77      1
       4      8     11      1
       5      4     11      1
     110    103     87      1
      20     12     26      1
      12      5     13      1
     117    121    104      1
     113    117    104      1
      96     84     87      1
     122    120    105      1
     100    108     89      1
      66     53     52      1
     123    122    105      1
      45     58     39      1
      25     35     39      1
     108    113     89      1
      16     25     21      1
       8     16     11      1
      53     40     52      1
      76     66     52      1
      40     31     26      1
     121    123    104      1
      58     70     57      1
      84     76     71      1
      13      5     11      1
     105    120     99      1
      58     57     39      1
      57     70     77      1
      84     71     87      1
      21     25     39      1
      99    110     87      1
      71     76     52      1
      12     13     26      1
     100     89     77      1
      16     21     11      1
      26     13     22      1
      22     13     17      1
      17     13     11      1
      22     17     28      1
      28     17     27      1
      27     17     11      1
      28     27     38      1
      38     27     36      1
      38     36     46      1
      46     36     47      1
      46     47     60      1
      60     47     64      1
      64     47     57      1
      64     57     77      1
      64     77     60      1
      46     60     63      1
      63     60     74      1
      74     60     77      1
      63     74     78      1
      78     74     88      1
      78     88     94      1
      94     88    104      1
      94    104    109      1
      94    109     95      1
     109    104    123      1
     109    123    105      1
      94     95     79      1
      95    109    105      1
      95    105     91      1
      91    105     99      1
      91     99     83      1
      95     91     79      1
      91     83     75      1
      83     99     87      1
      91     75     79      1
      75     83     67      1
      94     79     78      1
      78     79     65      1
      65     79     75      1
      78     65     63      1
      63     65     50      1
      63     50     46      1
      46     50     38      1
      38     50     43      1
      50     65     56      1
      43     50     56      1
      43     56     51      1
      51     56     67      1
      43     51     37      1
      38     43     28      1
      56     65     75      1
      37     51     44      1
      43     37     28      1
      28     37     22      1
      37     44     32      1
      44     51     59      1
      67     83     87      1
      75     67     56      1
      32     44     52      1
      44     59     52      1
      59     51     67      1
      59     67     87      1
      37     32     22      1
      22     32     26      1
      26     32     40      1
      47     36     39      1
      88     74     89      1
      36     27     21      1
     104     88    113      1
      57     47     39      1
      89     74     77      1
      88     89    113      1
      87     71     59      1
      59     71     52      1
      11     21     27      1
      21     39     36      1
      52     40     32      1
